246
975
1636
0 0 1
0 1 1
0 2 1
0 3 1
0 4 1
0 5 1
1 6 1
1 7 1
1 8 1
1 9 1
2 5 1
2 10 1
2 11 1
2 12 1
2 13 1
2 14 1
3 15 1
3 16 1
3 17 1
4 18 1
4 19 1
4 20 1
4 21 1
4 22 1
4 23 1
5 24 1
5 25 1
5 26 1
5 27 1
5 28 1
5 29 1
6 13 1
6 30 1
6 31 1
6 32 1
7 33 1
7 34 1
7 35 1
7 36 1
7 37 1
7 38 1
8 39 1
8 40 1
8 41 1
9 39 1
9 42 1
9 43 1
9 44 1
9 45 1
9 46 1
9 47 1
9 48 1
9 49 1
10 3 1
10 39 1
10 50 1
10 51 1
10 52 1
10 53 1
10 54 1
10 55 1
10 56 1
11 45 1
11 51 1
11 57 1
11 58 1
11 59 1
11 60 1
11 61 1
11 62 1
11 63 1
11 64 1
12 28 1
12 55 1
12 65 1
12 66 1
12 67 1
12 68 1
13 28 1
13 69 1
13 70 1
13 71 1
13 72 1
14 73 1
14 74 1
14 75 1
14 76 1
14 77 1
14 78 1
14 79 1
14 80 1
14 81 1
14 82 1
15 28 1
15 44 1
15 45 1
15 83 1
15 84 1
16 8 1
16 28 1
16 50 1
16 51 1
16 52 1
16 85 1
16 86 1
16 87 1
16 88 1
16 89 1
16 90 1
16 91 1
17 28 1
17 51 1
17 55 1
17 92 1
17 93 1
17 94 1
17 95 1
17 96 1
18 27 1
18 73 1
18 97 1
18 98 1
18 99 1
18 100 1
19 51 1
19 64 1
19 101 1
19 102 1
19 103 1
19 104 1
19 105 1
19 106 1
20 76 1
20 107 1
20 108 1
20 109 1
20 110 1
20 111 1
20 112 1
20 113 1
21 14 1
21 55 1
21 114 1
21 115 1
21 116 1
21 117 1
22 55 1
22 79 1
22 118 1
22 119 1
22 120 1
22 121 1
22 122 1
22 123 1
22 124 1
23 45 1
23 125 1
23 126 1
23 127 1
23 128 1
23 129 1
24 130 1
24 131 1
24 132 1
24 133 1
25 48 1
25 134 1
25 135 1
25 136 1
25 137 1
25 138 1
25 139 1
25 140 1
26 45 1
26 141 1
26 142 1
26 143 1
26 144 1
26 145 1
26 146 1
26 147 1
26 148 1
27 2 1
27 149 1
27 150 1
27 151 1
27 152 1
28 153 1
28 154 1
28 155 1
28 156 1
28 157 1
28 158 1
29 55 1
29 117 1
29 159 1
29 160 1
29 161 1
30 45 1
30 162 1
30 163 1
30 164 1
30 165 1
30 166 1
30 167 1
30 168 1
31 8 1
31 169 1
31 170 1
31 171 1
31 172 1
32 55 1
32 173 1
32 174 1
32 175 1
32 176 1
32 177 1
32 178 1
32 179 1
33 35 1
33 180 1
33 181 1
33 182 1
33 183 1
33 184 1
33 185 1
33 186 1
33 187 1
34 174 1
34 188 1
34 189 1
34 190 1
34 191 1
34 192 1
35 35 1
35 36 1
35 37 1
35 186 1
35 193 1
35 194 1
35 195 1
36 55 1
36 79 1
36 81 1
36 82 1
36 196 1
36 197 1
37 3 1
37 134 1
37 198 1
37 199 1
37 200 1
37 201 1
37 202 1
38 45 1
38 79 1
38 136 1
38 203 1
38 204 1
38 205 1
38 206 1
38 207 1
39 208 1
39 209 1
39 210 1
39 211 1
39 212 1
40 174 1
40 213 1
40 214 1
40 215 1
40 216 1
40 217 1
41 36 1
41 174 1
41 188 1
41 218 1
41 219 1
41 220 1
41 221 1
41 222 1
42 3 1
42 223 1
42 224 1
42 225 1
42 226 1
42 227 1
43 55 1
43 79 1
43 81 1
43 120 1
43 228 1
43 229 1
44 19 1
44 66 1
44 214 1
44 230 1
44 231 1
44 232 1
45 45 1
45 233 1
45 234 1
45 235 1
45 236 1
46 93 1
46 237 1
46 238 1
46 239 1
46 240 1
47 45 1
47 234 1
47 241 1
47 242 1
47 243 1
47 244 1
47 245 1
48 27 1
48 55 1
48 246 1
48 247 1
48 248 1
48 249 1
49 36 1
49 119 1
49 250 1
49 251 1
49 252 1
50 45 1
50 52 1
50 136 1
50 253 1
50 254 1
50 255 1
50 256 1
50 257 1
51 55 1
51 188 1
51 258 1
51 259 1
51 260 1
51 261 1
51 262 1
52 36 1
52 56 1
52 172 1
52 174 1
52 188 1
52 263 1
52 264 1
52 265 1
52 266 1
52 267 1
53 70 1
53 78 1
53 124 1
53 136 1
53 247 1
53 268 1
54 55 1
54 174 1
54 228 1
54 269 1
54 270 1
54 271 1
54 272 1
55 273 1
55 274 1
55 275 1
55 276 1
55 277 1
56 8 1
56 273 1
56 278 1
56 279 1
56 280 1
56 281 1
57 55 1
57 188 1
57 258 1
57 259 1
57 260 1
57 261 1
57 262 1
58 45 1
58 233 1
58 234 1
58 235 1
58 236 1
59 55 1
59 250 1
59 251 1
59 282 1
59 283 1
59 284 1
59 285 1
60 146 1
60 224 1
60 235 1
60 286 1
60 287 1
60 288 1
60 289 1
61 17 1
61 55 1
61 76 1
61 79 1
61 290 1
61 291 1
61 292 1
61 293 1
62 55 1
62 188 1
62 273 1
62 294 1
62 295 1
62 296 1
63 97 1
63 216 1
63 297 1
63 298 1
63 299 1
63 300 1
63 301 1
63 302 1
63 303 1
64 175 1
64 304 1
64 305 1
64 306 1
64 307 1
64 308 1
65 18 1
65 22 1
65 55 1
65 309 1
65 310 1
65 311 1
65 312 1
65 313 1
66 125 1
66 126 1
66 314 1
66 315 1
66 316 1
67 137 1
67 138 1
67 139 1
67 317 1
67 318 1
67 319 1
68 51 1
68 163 1
68 320 1
68 321 1
68 322 1
68 323 1
68 324 1
69 8 1
69 111 1
69 155 1
69 325 1
69 326 1
69 327 1
70 8 1
70 245 1
70 309 1
70 328 1
70 329 1
70 330 1
70 331 1
70 332 1
71 8 1
71 137 1
71 307 1
71 333 1
71 334 1
71 335 1
71 336 1
71 337 1
72 8 1
72 51 1
72 83 1
72 138 1
72 139 1
72 338 1
72 339 1
72 340 1
72 341 1
73 76 1
73 209 1
73 342 1
73 343 1
73 344 1
73 345 1
73 346 1
73 347 1
74 174 1
74 188 1
74 268 1
74 348 1
74 349 1
74 350 1
74 351 1
75 55 1
75 117 1
75 352 1
75 353 1
75 354 1
75 355 1
75 356 1
75 357 1
76 5 1
76 317 1
76 358 1
76 359 1
77 27 1
77 35 1
77 52 1
77 55 1
77 360 1
77 361 1
77 362 1
78 45 1
78 363 1
78 364 1
78 365 1
78 366 1
79 174 1
79 290 1
79 367 1
79 368 1
79 369 1
79 370 1
80 13 1
80 245 1
80 371 1
80 372 1
80 373 1
81 210 1
81 290 1
81 374 1
81 375 1
81 376 1
82 44 1
82 45 1
82 48 1
82 55 1
82 377 1
82 378 1
82 379 1
82 380 1
82 381 1
83 382 1
83 383 1
83 384 1
83 385 1
83 386 1
84 51 1
84 387 1
84 388 1
84 389 1
84 390 1
84 391 1
84 392 1
85 103 1
85 174 1
85 242 1
85 273 1
85 393 1
85 394 1
85 395 1
85 396 1
85 397 1
85 398 1
85 399 1
86 55 1
86 138 1
86 139 1
86 317 1
86 400 1
87 175 1
87 304 1
87 305 1
87 306 1
87 401 1
88 391 1
88 402 1
88 403 1
88 404 1
89 76 1
89 405 1
89 406 1
89 407 1
90 45 1
90 55 1
90 124 1
90 408 1
90 409 1
90 410 1
90 411 1
91 8 1
91 412 1
91 413 1
91 414 1
91 415 1
92 8 1
92 150 1
92 151 1
92 416 1
92 417 1
92 418 1
93 8 1
93 419 1
93 420 1
93 421 1
93 422 1
93 423 1
94 36 1
94 424 1
94 425 1
94 426 1
94 427 1
95 146 1
95 174 1
95 375 1
95 428 1
95 429 1
95 430 1
95 431 1
96 18 1
96 22 1
96 55 1
96 309 1
96 310 1
96 311 1
96 312 1
96 313 1
97 81 1
97 140 1
97 432 1
97 433 1
97 434 1
98 181 1
98 435 1
98 436 1
98 437 1
98 438 1
99 116 1
99 439 1
99 440 1
100 55 1
100 114 1
100 116 1
100 117 1
101 441 1
101 442 1
101 443 1
101 444 1
101 445 1
101 446 1
102 13 1
102 41 1
102 188 1
102 447 1
102 448 1
102 449 1
103 35 1
103 36 1
103 37 1
103 73 1
103 450 1
103 451 1
103 452 1
104 48 1
104 134 1
104 135 1
104 136 1
104 137 1
104 138 1
104 139 1
104 140 1
105 51 1
105 64 1
105 101 1
105 102 1
105 103 1
105 104 1
105 105 1
105 106 1
106 174 1
106 188 1
106 189 1
106 190 1
106 191 1
106 192 1
107 453 1
107 454 1
108 8 1
108 455 1
108 456 1
108 457 1
108 458 1
109 93 1
109 174 1
109 239 1
109 459 1
109 460 1
109 461 1
110 45 1
110 132 1
110 374 1
110 462 1
110 463 1
110 464 1
111 465 1
111 466 1
111 467 1
111 468 1
112 45 1
112 136 1
112 253 1
112 469 1
112 470 1
112 471 1
112 472 1
113 36 1
113 79 1
113 473 1
113 474 1
113 475 1
114 188 1
114 476 1
114 477 1
114 478 1
114 479 1
114 480 1
114 481 1
114 482 1
114 483 1
115 76 1
115 484 1
115 485 1
116 8 1
116 486 1
116 487 1
116 488 1
117 489 1
117 490 1
117 491 1
117 492 1
117 493 1
117 494 1
117 495 1
117 496 1
118 76 1
118 107 1
118 108 1
118 109 1
118 110 1
118 111 1
118 112 1
118 113 1
119 35 1
119 180 1
119 181 1
119 182 1
119 183 1
119 184 1
119 185 1
119 186 1
119 187 1
120 26 1
120 185 1
120 385 1
120 497 1
120 498 1
120 499 1
121 3 1
121 124 1
121 150 1
121 242 1
121 500 1
121 501 1
122 502 1
122 503 1
122 504 1
122 505 1
123 506 1
123 507 1
123 508 1
123 509 1
123 510 1
123 511 1
124 13 1
124 512 1
124 513 1
124 514 1
124 515 1
124 516 1
124 517 1
125 47 1
125 55 1
125 263 1
125 518 1
125 519 1
125 520 1
126 33 1
126 45 1
126 178 1
126 521 1
126 522 1
127 174 1
127 176 1
127 188 1
127 204 1
127 419 1
127 523 1
127 524 1
127 525 1
127 526 1
128 8 1
128 235 1
128 236 1
128 527 1
128 528 1
128 529 1
128 530 1
129 45 1
129 341 1
129 363 1
129 531 1
129 532 1
129 533 1
129 534 1
130 51 1
130 126 1
130 128 1
130 129 1
130 535 1
130 536 1
130 537 1
130 538 1
130 539 1
130 540 1
131 251 1
131 354 1
131 541 1
131 542 1
132 13 1
132 27 1
132 52 1
132 392 1
132 543 1
132 544 1
132 545 1
132 546 1
132 547 1
133 51 1
133 482 1
133 548 1
133 549 1
133 550 1
133 551 1
133 552 1
134 55 1
134 94 1
134 119 1
134 272 1
134 553 1
134 554 1
134 555 1
135 51 1
135 79 1
135 80 1
135 548 1
135 556 1
135 557 1
135 558 1
135 559 1
136 36 1
136 506 1
136 560 1
136 561 1
136 562 1
136 563 1
136 564 1
136 565 1
137 45 1
137 309 1
137 399 1
137 566 1
137 567 1
137 568 1
137 569 1
137 570 1
137 571 1
138 55 1
138 105 1
138 191 1
138 228 1
138 272 1
138 572 1
138 573 1
139 36 1
139 51 1
139 105 1
139 188 1
139 216 1
139 548 1
139 574 1
139 575 1
139 576 1
140 3 1
140 54 1
140 66 1
140 92 1
140 174 1
140 214 1
140 293 1
140 577 1
140 578 1
140 579 1
141 8 1
141 44 1
141 185 1
141 309 1
141 580 1
141 581 1
141 582 1
141 583 1
141 584 1
141 585 1
142 55 1
142 76 1
142 258 1
142 381 1
142 586 1
142 587 1
142 588 1
142 589 1
142 590 1
142 591 1
143 27 1
143 76 1
143 174 1
143 592 1
143 593 1
143 594 1
144 26 1
144 55 1
144 76 1
144 255 1
144 280 1
144 435 1
144 595 1
145 596 1
145 597 1
145 598 1
145 599 1
145 600 1
146 5 1
146 55 1
146 304 1
146 361 1
146 601 1
146 602 1
146 603 1
146 604 1
147 55 1
147 218 1
147 414 1
147 605 1
147 606 1
147 607 1
147 608 1
147 609 1
147 610 1
148 6 1
148 8 1
148 36 1
148 51 1
148 191 1
148 320 1
148 611 1
148 612 1
148 613 1
148 614 1
148 615 1
149 51 1
149 215 1
149 548 1
149 551 1
149 616 1
149 617 1
149 618 1
149 619 1
150 8 1
150 55 1
150 421 1
150 620 1
150 621 1
150 622 1
150 623 1
150 624 1
151 36 1
151 55 1
151 182 1
151 309 1
151 381 1
151 625 1
151 626 1
151 627 1
151 628 1
151 629 1
152 13 1
152 27 1
152 52 1
152 392 1
152 543 1
152 544 1
152 545 1
152 546 1
152 547 1
153 45 1
153 174 1
153 630 1
153 631 1
153 632 1
153 633 1
153 634 1
153 635 1
154 13 1
154 36 1
154 548 1
154 587 1
154 636 1
154 637 1
154 638 1
154 639 1
154 640 1
155 45 1
155 78 1
155 174 1
155 239 1
155 630 1
155 641 1
155 642 1
155 643 1
155 644 1
155 645 1
156 79 1
156 214 1
156 646 1
156 647 1
156 648 1
156 649 1
156 650 1
156 651 1
157 27 1
157 78 1
157 174 1
157 652 1
157 653 1
157 654 1
157 655 1
158 45 1
158 51 1
158 79 1
158 174 1
158 548 1
158 632 1
158 656 1
158 657 1
158 658 1
158 659 1
159 36 1
159 55 1
159 105 1
159 146 1
159 660 1
159 661 1
159 662 1
159 663 1
159 664 1
160 118 1
160 174 1
160 214 1
160 468 1
160 665 1
160 666 1
160 667 1
161 13 1
161 45 1
161 55 1
161 188 1
161 216 1
161 283 1
161 292 1
161 668 1
161 669 1
161 670 1
161 671 1
161 672 1
161 673 1
161 674 1
162 13 1
162 45 1
162 55 1
162 80 1
162 234 1
162 630 1
162 656 1
162 675 1
162 676 1
162 677 1
162 678 1
163 19 1
163 185 1
163 218 1
163 679 1
163 680 1
163 681 1
164 8 1
164 35 1
164 174 1
164 191 1
164 682 1
164 683 1
164 684 1
164 685 1
164 686 1
165 51 1
165 61 1
165 66 1
165 214 1
165 218 1
165 687 1
165 688 1
165 689 1
166 36 1
166 45 1
166 576 1
166 662 1
166 690 1
166 691 1
166 692 1
166 693 1
167 3 1
167 694 1
167 695 1
167 696 1
167 697 1
167 698 1
168 55 1
168 76 1
168 699 1
168 700 1
168 701 1
168 702 1
168 703 1
169 45 1
169 51 1
169 55 1
169 704 1
169 705 1
169 706 1
169 707 1
169 708 1
169 709 1
169 710 1
169 711 1
169 712 1
170 55 1
170 80 1
170 224 1
170 486 1
170 591 1
170 626 1
170 713 1
171 191 1
171 714 1
171 715 1
172 47 1
172 716 1
172 717 1
172 718 1
172 719 1
172 720 1
172 721 1
173 47 1
173 721 1
173 722 1
173 723 1
173 724 1
173 725 1
174 55 1
174 128 1
174 129 1
174 726 1
174 727 1
174 728 1
175 8 1
175 52 1
175 79 1
175 468 1
175 729 1
175 730 1
175 731 1
175 732 1
176 8 1
176 733 1
176 734 1
176 735 1
176 736 1
176 737 1
177 36 1
177 51 1
177 738 1
177 739 1
177 740 1
177 741 1
177 742 1
178 55 1
178 743 1
178 744 1
178 745 1
178 746 1
178 747 1
178 748 1
179 146 1
179 224 1
179 749 1
179 750 1
179 751 1
179 752 1
179 753 1
180 36 1
180 754 1
180 755 1
180 756 1
180 757 1
180 758 1
181 146 1
181 621 1
181 759 1
181 760 1
181 761 1
181 762 1
182 45 1
182 755 1
182 763 1
182 764 1
182 765 1
182 766 1
182 767 1
182 768 1
183 51 1
183 174 1
183 769 1
183 770 1
183 771 1
183 772 1
183 773 1
183 774 1
184 45 1
184 515 1
184 775 1
184 776 1
184 777 1
184 778 1
184 779 1
185 36 1
185 214 1
185 780 1
185 781 1
185 782 1
185 783 1
186 492 1
186 784 1
186 785 1
186 786 1
187 51 1
187 309 1
187 687 1
187 787 1
187 788 1
187 789 1
188 790 1
188 791 1
188 792 1
188 793 1
188 794 1
189 136 1
189 795 1
189 796 1
189 797 1
189 798 1
190 51 1
190 754 1
190 799 1
190 800 1
190 801 1
190 802 1
191 55 1
191 595 1
191 803 1
191 804 1
191 805 1
192 45 1
192 806 1
192 807 1
192 808 1
192 809 1
192 810 1
193 811 1
193 812 1
193 813 1
194 814 1
194 815 1
194 816 1
194 817 1
194 818 1
194 819 1
194 820 1
195 36 1
195 51 1
195 821 1
195 822 1
195 823 1
195 824 1
196 55 1
196 249 1
196 591 1
196 713 1
196 825 1
196 826 1
197 807 1
197 827 1
197 828 1
197 829 1
198 19 1
198 55 1
198 176 1
198 830 1
198 831 1
199 26 1
199 826 1
199 832 1
199 833 1
199 834 1
200 45 1
200 674 1
200 835 1
200 836 1
200 837 1
200 838 1
200 839 1
201 51 1
201 282 1
201 548 1
201 678 1
201 840 1
201 841 1
201 842 1
202 27 1
202 44 1
202 45 1
202 182 1
202 843 1
202 844 1
202 845 1
202 846 1
203 50 1
203 90 1
203 847 1
203 848 1
204 3 1
204 16 1
204 630 1
204 849 1
204 850 1
204 851 1
205 8 1
205 19 1
205 490 1
205 496 1
205 852 1
205 853 1
205 854 1
206 368 1
206 735 1
206 754 1
206 802 1
206 855 1
206 856 1
206 857 1
207 45 1
207 812 1
207 813 1
207 858 1
207 859 1
207 860 1
208 136 1
208 795 1
208 796 1
208 797 1
208 798 1
208 861 1
208 862 1
209 55 1
209 66 1
209 368 1
209 495 1
209 863 1
209 864 1
210 92 1
210 300 1
210 378 1
210 865 1
210 866 1
210 867 1
211 51 1
211 80 1
211 214 1
211 309 1
211 687 1
211 868 1
211 869 1
211 870 1
212 36 1
212 51 1
212 103 1
212 718 1
212 758 1
212 871 1
212 872 1
212 873 1
213 45 1
213 790 1
213 792 1
213 794 1
213 874 1
213 875 1
214 306 1
214 307 1
214 876 1
214 877 1
214 878 1
214 879 1
215 478 1
215 880 1
215 881 1
215 882 1
215 883 1
215 884 1
216 51 1
216 52 1
216 182 1
216 814 1
216 885 1
216 886 1
216 887 1
216 888 1
217 52 1
217 719 1
217 722 1
217 724 1
217 889 1
218 8 1
218 19 1
218 321 1
218 735 1
218 890 1
218 891 1
218 892 1
219 51 1
219 134 1
219 713 1
219 893 1
219 894 1
219 895 1
220 26 1
220 51 1
220 826 1
220 833 1
220 834 1
220 896 1
220 897 1
220 898 1
221 36 1
221 60 1
221 290 1
221 399 1
221 850 1
221 899 1
221 900 1
221 901 1
221 902 1
222 27 1
222 44 1
222 45 1
222 182 1
222 844 1
222 845 1
222 846 1
222 903 1
223 226 1
223 904 1
223 905 1
223 906 1
223 907 1
223 908 1
223 909 1
223 910 1
224 136 1
224 174 1
224 185 1
224 789 1
224 810 1
224 839 1
224 911 1
224 912 1
224 913 1
224 914 1
225 185 1
225 188 1
225 915 1
225 916 1
225 917 1
225 918 1
225 919 1
226 50 1
226 55 1
226 90 1
226 847 1
226 848 1
226 920 1
227 51 1
227 55 1
227 822 1
227 823 1
227 921 1
227 922 1
227 923 1
228 884 1
228 924 1
228 925 1
229 8 1
229 173 1
229 926 1
229 927 1
229 928 1
229 929 1
230 130 1
230 930 1
230 931 1
230 932 1
230 933 1
231 3 1
231 814 1
231 815 1
231 900 1
231 934 1
231 935 1
232 936 1
232 937 1
232 938 1
232 939 1
233 156 1
233 478 1
233 940 1
233 941 1
233 942 1
233 943 1
234 55 1
234 944 1
234 945 1
234 946 1
234 947 1
235 948 1
235 949 1
235 950 1
235 951 1
236 8 1
236 784 1
236 952 1
236 953 1
236 954 1
237 51 1
237 724 1
237 733 1
237 955 1
237 956 1
237 957 1
237 958 1
238 16 1
238 120 1
238 959 1
238 960 1
238 961 1
239 16 1
239 55 1
239 79 1
239 849 1
239 850 1
239 962 1
240 225 1
240 963 1
240 964 1
240 965 1
240 966 1
241 759 1
241 807 1
241 967 1
241 968 1
242 478 1
242 884 1
242 969 1
242 970 1
242 971 1
243 50 1
243 90 1
243 170 1
243 972 1
244 81 1
244 130 1
244 282 1
244 392 1
244 468 1
244 678 1
244 841 1
245 94 1
245 300 1
245 681 1
245 973 1
245 974 1
