1246
2749
8189
0 0 1
0 1 1
0 2 1
0 3 1
0 4 1
0 5 1
1 6 1
1 7 1
1 8 1
1 9 1
2 5 1
2 10 1
2 11 1
2 12 1
2 13 1
2 14 1
3 15 1
3 16 1
3 17 1
4 18 1
4 19 1
4 20 1
4 21 1
4 22 1
4 23 1
5 24 1
5 25 1
5 26 1
5 27 1
5 28 1
5 29 1
6 13 1
6 30 1
6 31 1
6 32 1
7 33 1
7 34 1
7 35 1
7 36 1
7 37 1
7 38 1
8 39 1
8 40 1
8 41 1
9 39 1
9 42 1
9 43 1
9 44 1
9 45 1
9 46 1
9 47 1
9 48 1
9 49 1
10 3 1
10 39 1
10 50 1
10 51 1
10 52 1
10 53 1
10 54 1
10 55 1
10 56 1
11 45 1
11 51 1
11 57 1
11 58 1
11 59 1
11 60 1
11 61 1
11 62 1
11 63 1
11 64 1
12 28 1
12 55 1
12 65 1
12 66 1
12 67 1
12 68 1
13 28 1
13 69 1
13 70 1
13 71 1
13 72 1
14 73 1
14 74 1
14 75 1
14 76 1
14 77 1
14 78 1
14 79 1
14 80 1
14 81 1
14 82 1
15 28 1
15 44 1
15 45 1
15 83 1
15 84 1
16 8 1
16 28 1
16 50 1
16 51 1
16 52 1
16 85 1
16 86 1
16 87 1
16 88 1
16 89 1
16 90 1
16 91 1
17 28 1
17 51 1
17 55 1
17 92 1
17 93 1
17 94 1
17 95 1
17 96 1
18 27 1
18 73 1
18 97 1
18 98 1
18 99 1
18 100 1
19 51 1
19 64 1
19 101 1
19 102 1
19 103 1
19 104 1
19 105 1
19 106 1
20 76 1
20 107 1
20 108 1
20 109 1
20 110 1
20 111 1
20 112 1
20 113 1
21 14 1
21 55 1
21 114 1
21 115 1
21 116 1
21 117 1
22 55 1
22 79 1
22 118 1
22 119 1
22 120 1
22 121 1
22 122 1
22 123 1
22 124 1
23 45 1
23 125 1
23 126 1
23 127 1
23 128 1
23 129 1
24 130 1
24 131 1
24 132 1
24 133 1
25 48 1
25 134 1
25 135 1
25 136 1
25 137 1
25 138 1
25 139 1
25 140 1
26 45 1
26 141 1
26 142 1
26 143 1
26 144 1
26 145 1
26 146 1
26 147 1
26 148 1
27 2 1
27 149 1
27 150 1
27 151 1
27 152 1
28 153 1
28 154 1
28 155 1
28 156 1
28 157 1
28 158 1
29 55 1
29 117 1
29 159 1
29 160 1
29 161 1
30 45 1
30 162 1
30 163 1
30 164 1
30 165 1
30 166 1
30 167 1
30 168 1
31 8 1
31 169 1
31 170 1
31 171 1
31 172 1
32 55 1
32 173 1
32 174 1
32 175 1
32 176 1
32 177 1
32 178 1
32 179 1
33 35 1
33 148 1
33 180 1
33 181 1
33 182 1
33 183 1
33 184 1
33 185 1
33 186 1
34 174 1
34 187 1
34 188 1
34 189 1
34 190 1
34 191 1
35 35 1
35 36 1
35 37 1
35 137 1
35 148 1
35 192 1
35 193 1
36 55 1
36 75 1
36 79 1
36 81 1
36 82 1
36 194 1
37 3 1
37 134 1
37 195 1
37 196 1
37 197 1
37 198 1
37 199 1
38 45 1
38 79 1
38 136 1
38 200 1
38 201 1
38 202 1
38 203 1
38 204 1
39 205 1
39 206 1
39 207 1
39 208 1
39 209 1
40 174 1
40 210 1
40 211 1
40 212 1
40 213 1
40 214 1
41 36 1
41 174 1
41 187 1
41 215 1
41 216 1
41 217 1
41 218 1
41 219 1
42 3 1
42 220 1
42 221 1
42 222 1
42 223 1
42 224 1
43 16 1
43 55 1
43 79 1
43 81 1
43 120 1
43 225 1
44 19 1
44 66 1
44 211 1
44 226 1
44 227 1
44 228 1
45 45 1
45 229 1
45 230 1
45 231 1
45 232 1
46 93 1
46 233 1
46 234 1
46 235 1
46 236 1
47 45 1
47 230 1
47 237 1
47 238 1
47 239 1
47 240 1
47 241 1
48 27 1
48 55 1
48 242 1
48 243 1
48 244 1
48 245 1
49 36 1
49 119 1
49 246 1
49 247 1
49 248 1
50 45 1
50 52 1
50 132 1
50 133 1
50 136 1
50 249 1
50 250 1
50 251 1
51 55 1
51 187 1
51 252 1
51 253 1
51 254 1
51 255 1
51 256 1
52 36 1
52 56 1
52 172 1
52 174 1
52 187 1
52 257 1
52 258 1
52 259 1
52 260 1
53 70 1
53 78 1
53 124 1
53 136 1
53 243 1
53 261 1
54 16 1
54 55 1
54 174 1
54 262 1
54 263 1
54 264 1
54 265 1
55 266 1
55 267 1
55 268 1
55 269 1
55 270 1
56 8 1
56 266 1
56 271 1
56 272 1
56 273 1
56 274 1
57 55 1
57 187 1
57 252 1
57 253 1
57 254 1
57 255 1
57 256 1
58 45 1
58 229 1
58 230 1
58 231 1
58 232 1
59 55 1
59 81 1
59 246 1
59 247 1
59 275 1
59 276 1
59 277 1
60 146 1
60 221 1
60 231 1
60 278 1
60 279 1
60 280 1
60 281 1
61 17 1
61 55 1
61 76 1
61 79 1
61 282 1
61 283 1
61 284 1
61 285 1
62 55 1
62 187 1
62 266 1
62 286 1
62 287 1
62 288 1
63 97 1
63 213 1
63 214 1
63 289 1
63 290 1
63 291 1
63 292 1
63 293 1
63 294 1
64 175 1
64 295 1
64 296 1
64 297 1
64 298 1
64 299 1
65 18 1
65 22 1
65 55 1
65 300 1
65 301 1
65 302 1
65 303 1
65 304 1
66 125 1
66 126 1
66 305 1
66 306 1
66 307 1
67 137 1
67 138 1
67 139 1
67 251 1
67 308 1
67 309 1
68 51 1
68 163 1
68 310 1
68 311 1
68 312 1
68 313 1
68 314 1
69 8 1
69 111 1
69 155 1
69 315 1
69 316 1
69 317 1
70 8 1
70 241 1
70 300 1
70 314 1
70 318 1
70 319 1
70 320 1
70 321 1
71 8 1
71 137 1
71 298 1
71 322 1
71 323 1
71 324 1
71 325 1
71 326 1
72 8 1
72 21 1
72 51 1
72 83 1
72 138 1
72 139 1
72 327 1
72 328 1
72 329 1
73 76 1
73 206 1
73 258 1
73 330 1
73 331 1
73 332 1
73 333 1
73 334 1
74 174 1
74 187 1
74 261 1
74 335 1
74 336 1
74 337 1
74 338 1
75 55 1
75 117 1
75 339 1
75 340 1
75 341 1
75 342 1
75 343 1
75 344 1
76 5 1
76 308 1
76 345 1
76 346 1
77 27 1
77 35 1
77 52 1
77 55 1
77 66 1
77 347 1
77 348 1
78 45 1
78 349 1
78 350 1
78 351 1
78 352 1
79 174 1
79 212 1
79 282 1
79 353 1
79 354 1
79 355 1
80 13 1
80 241 1
80 356 1
80 357 1
80 358 1
81 207 1
81 282 1
81 359 1
81 360 1
81 361 1
82 44 1
82 45 1
82 48 1
82 55 1
82 84 1
82 362 1
82 363 1
82 364 1
82 365 1
83 258 1
83 366 1
83 367 1
83 368 1
83 369 1
84 51 1
84 370 1
84 371 1
84 372 1
84 373 1
84 374 1
84 375 1
85 70 1
85 80 1
85 81 1
85 103 1
85 174 1
85 238 1
85 266 1
85 376 1
85 377 1
85 378 1
85 379 1
86 55 1
86 138 1
86 139 1
86 308 1
86 380 1
87 175 1
87 295 1
87 296 1
87 297 1
87 381 1
88 374 1
88 382 1
88 383 1
88 384 1
89 76 1
89 385 1
89 386 1
89 387 1
90 45 1
90 55 1
90 124 1
90 375 1
90 388 1
90 389 1
90 390 1
91 8 1
91 212 1
91 391 1
91 392 1
91 393 1
92 8 1
92 150 1
92 151 1
92 394 1
92 395 1
92 396 1
93 8 1
93 397 1
93 398 1
93 399 1
93 400 1
93 401 1
94 36 1
94 38 1
94 402 1
94 403 1
94 404 1
95 146 1
95 174 1
95 360 1
95 366 1
95 405 1
95 406 1
95 407 1
96 18 1
96 22 1
96 55 1
96 300 1
96 301 1
96 302 1
96 303 1
96 304 1
97 81 1
97 140 1
97 408 1
97 409 1
97 410 1
98 181 1
98 391 1
98 393 1
98 411 1
98 412 1
99 114 1
99 116 1
99 340 1
100 55 1
100 114 1
100 116 1
100 117 1
101 413 1
101 414 1
101 415 1
101 416 1
101 417 1
101 418 1
102 13 1
102 41 1
102 187 1
102 419 1
102 420 1
102 421 1
103 35 1
103 36 1
103 37 1
103 73 1
103 137 1
103 166 1
103 422 1
104 48 1
104 134 1
104 135 1
104 136 1
104 137 1
104 138 1
104 139 1
104 140 1
105 51 1
105 64 1
105 101 1
105 102 1
105 103 1
105 104 1
105 105 1
105 106 1
106 174 1
106 187 1
106 188 1
106 189 1
106 190 1
106 191 1
107 423 1
107 424 1
108 8 1
108 113 1
108 425 1
108 426 1
108 427 1
109 93 1
109 174 1
109 235 1
109 428 1
109 429 1
109 430 1
110 45 1
110 132 1
110 359 1
110 431 1
110 432 1
110 433 1
111 434 1
111 435 1
111 436 1
111 437 1
112 45 1
112 136 1
112 249 1
112 438 1
112 439 1
112 440 1
112 441 1
113 36 1
113 79 1
113 442 1
113 443 1
113 444 1
114 68 1
114 187 1
114 445 1
114 446 1
114 447 1
114 448 1
114 449 1
114 450 1
114 451 1
115 76 1
115 452 1
115 453 1
116 8 1
116 454 1
116 455 1
116 456 1
117 193 1
117 457 1
117 458 1
117 459 1
117 460 1
117 461 1
117 462 1
117 463 1
118 76 1
118 107 1
118 108 1
118 109 1
118 110 1
118 111 1
118 112 1
118 113 1
119 35 1
119 148 1
119 180 1
119 181 1
119 182 1
119 183 1
119 184 1
119 185 1
119 186 1
120 12 1
120 26 1
120 37 1
120 185 1
120 368 1
120 464 1
121 3 1
121 124 1
121 150 1
121 238 1
121 465 1
121 466 1
122 467 1
122 468 1
122 469 1
122 470 1
123 471 1
123 472 1
123 473 1
123 474 1
123 475 1
123 476 1
124 13 1
124 477 1
124 478 1
124 479 1
124 480 1
124 481 1
124 482 1
125 47 1
125 55 1
125 172 1
125 483 1
125 484 1
125 485 1
126 33 1
126 45 1
126 178 1
126 486 1
126 487 1
127 174 1
127 176 1
127 187 1
127 201 1
127 358 1
127 397 1
127 488 1
127 489 1
127 490 1
128 8 1
128 231 1
128 232 1
128 491 1
128 492 1
128 493 1
128 494 1
129 45 1
129 296 1
129 329 1
129 349 1
129 495 1
129 496 1
129 497 1
130 51 1
130 126 1
130 128 1
130 129 1
130 498 1
130 499 1
130 500 1
130 501 1
130 502 1
130 503 1
131 247 1
131 341 1
131 504 1
131 505 1
132 13 1
132 27 1
132 52 1
132 375 1
132 506 1
132 507 1
132 508 1
132 509 1
132 510 1
133 51 1
133 450 1
133 511 1
133 512 1
133 513 1
133 514 1
133 515 1
134 55 1
134 94 1
134 119 1
134 265 1
134 516 1
134 517 1
134 518 1
135 51 1
135 79 1
135 80 1
135 511 1
135 519 1
135 520 1
135 521 1
135 522 1
136 36 1
136 471 1
136 523 1
136 524 1
136 525 1
136 526 1
136 527 1
136 528 1
137 45 1
137 80 1
137 300 1
137 529 1
137 530 1
137 531 1
137 532 1
137 533 1
137 534 1
138 16 1
138 55 1
138 105 1
138 190 1
138 265 1
138 535 1
138 536 1
139 36 1
139 51 1
139 105 1
139 187 1
139 213 1
139 260 1
139 511 1
139 537 1
139 538 1
140 3 1
140 54 1
140 66 1
140 92 1
140 174 1
140 211 1
140 285 1
140 539 1
140 540 1
140 541 1
141 8 1
141 44 1
141 185 1
141 300 1
141 542 1
141 543 1
141 544 1
141 545 1
141 546 1
141 547 1
142 55 1
142 76 1
142 252 1
142 365 1
142 548 1
142 549 1
142 550 1
142 551 1
142 552 1
142 553 1
143 27 1
143 76 1
143 174 1
143 554 1
143 555 1
143 556 1
144 26 1
144 55 1
144 76 1
144 132 1
144 273 1
144 411 1
144 557 1
145 558 1
145 559 1
145 560 1
145 561 1
145 562 1
146 5 1
146 55 1
146 66 1
146 295 1
146 563 1
146 564 1
146 565 1
146 566 1
147 55 1
147 215 1
147 392 1
147 567 1
147 568 1
147 569 1
147 570 1
147 571 1
147 572 1
148 6 1
148 8 1
148 36 1
148 51 1
148 190 1
148 310 1
148 573 1
148 574 1
148 575 1
148 576 1
148 577 1
149 51 1
149 212 1
149 328 1
149 511 1
149 514 1
149 578 1
149 579 1
149 580 1
150 8 1
150 55 1
150 399 1
150 581 1
150 582 1
150 583 1
150 584 1
150 585 1
151 36 1
151 55 1
151 182 1
151 300 1
151 365 1
151 586 1
151 587 1
151 588 1
151 589 1
151 590 1
152 13 1
152 27 1
152 52 1
152 375 1
152 506 1
152 507 1
152 508 1
152 509 1
152 510 1
153 45 1
153 160 1
153 174 1
153 518 1
153 591 1
153 592 1
153 593 1
153 594 1
154 13 1
154 36 1
154 511 1
154 549 1
154 595 1
154 596 1
154 597 1
154 598 1
154 599 1
155 45 1
155 78 1
155 174 1
155 235 1
155 518 1
155 600 1
155 601 1
155 602 1
155 603 1
155 604 1
156 79 1
156 211 1
156 550 1
156 605 1
156 606 1
156 607 1
156 608 1
156 609 1
157 27 1
157 78 1
157 174 1
157 610 1
157 611 1
157 612 1
157 613 1
158 45 1
158 51 1
158 79 1
158 174 1
158 454 1
158 511 1
158 591 1
158 614 1
158 615 1
158 616 1
159 36 1
159 55 1
159 105 1
159 146 1
159 541 1
159 617 1
159 618 1
159 619 1
159 620 1
160 118 1
160 174 1
160 211 1
160 437 1
160 603 1
160 621 1
160 622 1
161 13 1
161 45 1
161 55 1
161 81 1
161 187 1
161 202 1
161 213 1
161 284 1
161 623 1
161 624 1
161 625 1
161 626 1
161 627 1
161 628 1
162 13 1
162 45 1
162 55 1
162 80 1
162 230 1
162 518 1
162 614 1
162 629 1
162 630 1
162 631 1
162 632 1
163 19 1
163 185 1
163 215 1
163 633 1
163 634 1
163 635 1
164 8 1
164 35 1
164 174 1
164 190 1
164 636 1
164 637 1
164 638 1
164 639 1
164 640 1
165 51 1
165 61 1
165 66 1
165 211 1
165 215 1
165 641 1
165 642 1
165 643 1
166 36 1
166 45 1
166 538 1
166 619 1
166 644 1
166 645 1
166 646 1
166 647 1
167 3 1
167 648 1
167 649 1
167 650 1
167 651 1
167 652 1
168 55 1
168 76 1
168 653 1
168 654 1
168 655 1
168 656 1
168 657 1
169 45 1
169 51 1
169 55 1
169 658 1
169 659 1
169 660 1
169 661 1
169 662 1
169 663 1
169 664 1
169 665 1
169 666 1
170 55 1
170 80 1
170 221 1
170 454 1
170 553 1
170 587 1
170 667 1
171 190 1
171 668 1
171 669 1
172 47 1
172 428 1
172 500 1
172 670 1
172 671 1
172 672 1
172 673 1
173 47 1
173 673 1
173 674 1
173 675 1
173 676 1
173 677 1
174 55 1
174 128 1
174 129 1
174 678 1
174 679 1
174 680 1
175 8 1
175 52 1
175 79 1
175 437 1
175 681 1
175 682 1
175 683 1
175 684 1
176 8 1
176 685 1
176 686 1
176 687 1
176 688 1
176 689 1
177 36 1
177 51 1
177 690 1
177 691 1
177 692 1
177 693 1
177 694 1
178 55 1
178 223 1
178 695 1
178 696 1
178 697 1
178 698 1
178 699 1
179 146 1
179 221 1
179 700 1
179 701 1
179 702 1
179 703 1
179 704 1
180 36 1
180 705 1
180 706 1
180 707 1
180 708 1
180 709 1
181 146 1
181 582 1
181 710 1
181 711 1
181 712 1
181 713 1
182 45 1
182 706 1
182 714 1
182 715 1
182 716 1
182 717 1
182 718 1
182 719 1
183 51 1
183 174 1
183 720 1
183 721 1
183 722 1
183 723 1
183 724 1
183 725 1
184 45 1
184 480 1
184 726 1
184 727 1
184 728 1
184 729 1
184 730 1
185 36 1
185 211 1
185 731 1
185 732 1
185 733 1
185 734 1
186 460 1
186 735 1
186 736 1
186 737 1
187 51 1
187 300 1
187 641 1
187 738 1
187 739 1
187 740 1
188 608 1
188 741 1
188 742 1
188 743 1
188 744 1
189 136 1
189 221 1
189 745 1
189 746 1
189 747 1
190 51 1
190 705 1
190 748 1
190 749 1
190 750 1
190 751 1
191 55 1
191 557 1
191 752 1
191 753 1
191 754 1
192 45 1
192 700 1
192 755 1
192 756 1
192 757 1
192 758 1
193 759 1
193 760 1
193 761 1
194 762 1
194 763 1
194 764 1
194 765 1
194 766 1
194 767 1
194 768 1
195 36 1
195 51 1
195 706 1
195 769 1
195 770 1
195 771 1
196 55 1
196 193 1
196 245 1
196 553 1
196 667 1
196 772 1
197 756 1
197 773 1
197 774 1
197 775 1
198 19 1
198 55 1
198 176 1
198 776 1
198 777 1
199 26 1
199 772 1
199 778 1
199 779 1
199 780 1
200 45 1
200 628 1
200 781 1
200 782 1
200 783 1
200 784 1
200 785 1
201 51 1
201 275 1
201 511 1
201 632 1
201 786 1
201 787 1
201 788 1
202 27 1
202 44 1
202 45 1
202 182 1
202 789 1
202 790 1
202 791 1
202 792 1
203 50 1
203 90 1
203 472 1
203 793 1
204 3 1
204 16 1
204 518 1
204 794 1
204 795 1
204 796 1
205 8 1
205 19 1
205 458 1
205 463 1
205 797 1
205 798 1
205 799 1
206 353 1
206 687 1
206 699 1
206 705 1
206 751 1
206 800 1
206 801 1
207 45 1
207 549 1
207 760 1
207 761 1
207 802 1
207 803 1
208 136 1
208 221 1
208 745 1
208 746 1
208 747 1
208 804 1
208 805 1
209 55 1
209 66 1
209 353 1
209 462 1
209 806 1
209 807 1
210 92 1
210 292 1
210 363 1
210 593 1
210 808 1
210 809 1
211 51 1
211 80 1
211 211 1
211 300 1
211 641 1
211 810 1
211 811 1
211 812 1
212 36 1
212 51 1
212 103 1
212 428 1
212 709 1
212 713 1
212 813 1
212 814 1
213 45 1
213 741 1
213 742 1
213 744 1
213 815 1
213 816 1
214 297 1
214 298 1
214 817 1
214 818 1
214 819 1
214 820 1
215 68 1
215 821 1
215 822 1
215 823 1
215 824 1
215 825 1
216 51 1
216 52 1
216 182 1
216 762 1
216 826 1
216 827 1
216 828 1
216 829 1
217 52 1
217 500 1
217 674 1
217 676 1
217 830 1
218 8 1
218 19 1
218 311 1
218 687 1
218 777 1
218 831 1
218 832 1
219 51 1
219 134 1
219 667 1
219 833 1
219 834 1
219 835 1
220 26 1
220 51 1
220 772 1
220 779 1
220 780 1
220 836 1
220 837 1
220 838 1
221 36 1
221 60 1
221 80 1
221 282 1
221 795 1
221 839 1
221 840 1
221 841 1
221 842 1
222 27 1
222 44 1
222 45 1
222 182 1
222 790 1
222 791 1
222 792 1
222 843 1
223 2 1
223 223 1
223 844 1
223 845 1
223 846 1
223 847 1
223 848 1
223 849 1
224 136 1
224 174 1
224 185 1
224 740 1
224 758 1
224 781 1
224 785 1
224 850 1
224 851 1
224 852 1
225 158 1
225 185 1
225 187 1
225 853 1
225 854 1
225 855 1
225 856 1
226 50 1
226 55 1
226 90 1
226 472 1
226 793 1
226 857 1
227 51 1
227 55 1
227 769 1
227 770 1
227 858 1
227 859 1
227 860 1
228 825 1
228 861 1
228 862 1
229 8 1
229 173 1
229 863 1
229 864 1
229 865 1
229 866 1
230 130 1
230 301 1
230 867 1
230 868 1
230 869 1
231 3 1
231 762 1
231 763 1
231 840 1
231 870 1
231 871 1
232 872 1
232 873 1
232 874 1
232 875 1
233 68 1
233 156 1
233 862 1
233 876 1
233 877 1
233 878 1
234 55 1
234 542 1
234 879 1
234 880 1
234 881 1
235 882 1
235 883 1
235 884 1
235 885 1
236 8 1
236 735 1
236 886 1
236 887 1
236 888 1
237 51 1
237 111 1
237 676 1
237 685 1
237 889 1
237 890 1
237 891 1
238 16 1
238 120 1
238 892 1
238 893 1
238 894 1
239 16 1
239 55 1
239 79 1
239 794 1
239 795 1
239 807 1
240 222 1
240 801 1
240 895 1
240 896 1
240 897 1
241 16 1
241 710 1
241 756 1
241 898 1
242 68 1
242 825 1
242 899 1
242 900 1
242 901 1
243 50 1
243 90 1
243 170 1
243 902 1
244 81 1
244 130 1
244 275 1
244 375 1
244 437 1
244 632 1
244 787 1
245 94 1
245 292 1
245 635 1
245 682 1
245 903 1
246 13 1
246 45 1
246 122 1
246 170 1
246 241 1
246 356 1
246 580 1
246 904 1
247 80 1
247 94 1
247 297 1
247 454 1
247 518 1
247 905 1
247 906 1
247 907 1
248 76 1
248 136 1
248 908 1
248 909 1
248 910 1
249 52 1
249 290 1
249 350 1
249 827 1
249 911 1
249 912 1
250 36 1
250 76 1
250 231 1
250 442 1
250 478 1
250 611 1
250 913 1
250 914 1
251 55 1
251 143 1
251 915 1
251 916 1
251 917 1
252 411 1
252 574 1
252 918 1
252 919 1
252 920 1
252 921 1
253 3 1
253 27 1
253 36 1
253 45 1
253 353 1
253 545 1
253 841 1
253 922 1
253 923 1
254 41 1
254 52 1
254 55 1
254 536 1
254 608 1
254 744 1
254 924 1
254 925 1
255 8 1
255 926 1
255 927 1
255 928 1
255 929 1
256 2 1
256 45 1
256 55 1
256 65 1
256 162 1
256 168 1
256 480 1
256 753 1
256 930 1
257 36 1
257 565 1
257 798 1
257 888 1
257 931 1
257 932 1
258 45 1
258 51 1
258 933 1
258 934 1
258 935 1
258 936 1
259 8 1
259 27 1
259 187 1
259 937 1
259 938 1
259 939 1
259 940 1
259 941 1
260 942 1
260 943 1
260 944 1
260 945 1
261 78 1
261 215 1
261 946 1
261 947 1
261 948 1
262 163 1
262 930 1
262 949 1
262 950 1
262 951 1
263 79 1
263 146 1
263 438 1
263 477 1
263 952 1
263 953 1
263 954 1
264 5 1
264 55 1
264 761 1
264 922 1
264 955 1
265 51 1
265 92 1
265 301 1
265 956 1
265 957 1
265 958 1
265 959 1
266 51 1
266 554 1
266 960 1
266 961 1
266 962 1
267 118 1
267 120 1
267 607 1
267 632 1
267 963 1
267 964 1
268 78 1
268 155 1
268 659 1
268 965 1
268 966 1
268 967 1
269 706 1
269 968 1
269 969 1
269 970 1
269 971 1
269 972 1
270 27 1
270 68 1
270 111 1
270 676 1
270 973 1
270 974 1
270 975 1
271 8 1
271 81 1
271 301 1
271 902 1
271 976 1
271 977 1
272 55 1
272 290 1
272 409 1
272 978 1
272 979 1
272 980 1
273 76 1
273 235 1
273 609 1
273 659 1
273 981 1
273 982 1
273 983 1
274 353 1
274 399 1
274 705 1
274 930 1
274 984 1
274 985 1
274 986 1
275 8 1
275 55 1
275 196 1
275 325 1
275 987 1
275 988 1
275 989 1
276 45 1
276 70 1
276 141 1
276 174 1
276 605 1
276 947 1
276 990 1
276 991 1
277 36 1
277 70 1
277 142 1
277 187 1
277 378 1
277 635 1
277 884 1
277 992 1
277 993 1
277 994 1
278 995 1
278 996 1
279 8 1
279 45 1
279 708 1
279 736 1
279 787 1
279 997 1
279 998 1
279 999 1
279 1000 1
279 1001 1
280 55 1
280 68 1
280 166 1
280 187 1
280 383 1
280 1002 1
280 1003 1
280 1004 1
280 1005 1
280 1006 1
281 286 1
281 336 1
281 696 1
281 1007 1
281 1008 1
282 2 1
282 45 1
282 111 1
282 1009 1
282 1010 1
283 137 1
283 921 1
283 969 1
283 1011 1
283 1012 1
284 13 1
284 36 1
284 187 1
284 751 1
284 791 1
284 1013 1
284 1014 1
284 1015 1
285 171 1
285 297 1
285 333 1
285 411 1
285 966 1
285 1016 1
285 1017 1
286 36 1
286 93 1
286 245 1
286 1018 1
286 1019 1
287 3 1
287 52 1
287 88 1
287 410 1
287 1020 1
287 1021 1
287 1022 1
288 1023 1
288 1024 1
288 1025 1
288 1026 1
288 1027 1
289 24 1
289 206 1
289 366 1
289 582 1
289 1028 1
289 1029 1
289 1030 1
289 1031 1
290 8 1
290 787 1
290 998 1
290 1032 1
290 1033 1
291 55 1
291 297 1
291 603 1
291 654 1
291 1034 1
291 1035 1
292 174 1
292 378 1
292 418 1
292 517 1
292 578 1
292 1036 1
292 1037 1
292 1038 1
292 1039 1
292 1040 1
292 1041 1
292 1042 1
292 1043 1
293 8 1
293 35 1
293 51 1
293 905 1
293 1044 1
293 1045 1
293 1046 1
294 8 1
294 55 1
294 894 1
294 918 1
294 920 1
294 1047 1
294 1048 1
295 55 1
295 157 1
295 174 1
295 353 1
295 399 1
295 699 1
295 878 1
295 1049 1
296 45 1
296 49 1
296 1050 1
296 1051 1
296 1052 1
296 1053 1
297 16 1
297 129 1
297 302 1
297 611 1
297 628 1
297 691 1
297 1054 1
298 45 1
298 993 1
298 1055 1
298 1056 1
298 1057 1
298 1058 1
298 1059 1
299 27 1
299 73 1
299 182 1
299 397 1
299 1060 1
299 1061 1
300 27 1
300 187 1
300 282 1
300 852 1
300 1062 1
301 41 1
301 45 1
301 136 1
301 187 1
301 744 1
301 1004 1
301 1063 1
301 1064 1
302 51 1
302 202 1
302 1065 1
302 1066 1
302 1067 1
302 1068 1
303 45 1
303 79 1
303 88 1
303 185 1
303 378 1
303 477 1
303 777 1
303 1069 1
303 1070 1
303 1071 1
304 682 1
304 840 1
304 1024 1
304 1065 1
304 1072 1
304 1073 1
305 187 1
305 967 1
305 1074 1
305 1075 1
305 1076 1
306 13 1
306 27 1
306 45 1
306 174 1
306 187 1
306 827 1
306 884 1
306 992 1
306 1077 1
306 1078 1
306 1079 1
306 1080 1
306 1081 1
307 232 1
307 1082 1
307 1083 1
307 1084 1
308 13 1
308 45 1
308 52 1
308 580 1
308 993 1
308 1085 1
308 1086 1
308 1087 1
309 36 1
309 140 1
309 461 1
309 609 1
309 1062 1
309 1088 1
309 1089 1
310 500 1
310 791 1
310 1090 1
310 1091 1
310 1092 1
310 1093 1
311 16 1
311 79 1
311 195 1
311 787 1
311 827 1
311 1094 1
311 1095 1
311 1096 1
312 3 1
312 45 1
312 215 1
312 868 1
312 869 1
312 1002 1
312 1097 1
313 168 1
313 206 1
313 349 1
313 1098 1
313 1099 1
313 1100 1
314 10 1
314 55 1
314 114 1
314 1101 1
314 1102 1
315 3 1
315 8 1
315 49 1
315 281 1
315 981 1
315 1103 1
315 1104 1
315 1105 1
316 19 1
316 206 1
316 1062 1
316 1106 1
316 1107 1
316 1108 1
316 1109 1
317 176 1
317 1110 1
317 1111 1
317 1112 1
317 1113 1
317 1114 1
318 45 1
318 163 1
318 176 1
318 250 1
318 295 1
318 1115 1
318 1116 1
319 278 1
319 1117 1
319 1118 1
319 1119 1
319 1120 1
320 396 1
320 1121 1
320 1122 1
321 68 1
321 397 1
321 1123 1
321 1124 1
321 1125 1
322 1 1
322 47 1
322 462 1
322 617 1
322 1126 1
323 195 1
323 263 1
323 300 1
323 1127 1
323 1128 1
323 1129 1
324 65 1
324 80 1
324 930 1
324 1130 1
324 1131 1
324 1132 1
324 1133 1
325 55 1
325 249 1
325 1134 1
325 1135 1
325 1136 1
325 1137 1
326 13 1
326 174 1
326 442 1
326 823 1
326 1138 1
326 1139 1
326 1140 1
327 155 1
327 966 1
327 1141 1
328 105 1
328 146 1
328 185 1
328 341 1
328 598 1
328 626 1
328 1142 1
329 55 1
329 231 1
329 1143 1
329 1144 1
329 1145 1
329 1146 1
329 1147 1
330 300 1
330 903 1
330 1037 1
330 1059 1
330 1140 1
330 1148 1
330 1149 1
331 5 1
331 45 1
331 66 1
331 85 1
331 509 1
331 1150 1
331 1151 1
332 45 1
332 55 1
332 470 1
332 676 1
332 1152 1
332 1153 1
332 1154 1
333 195 1
333 494 1
333 1059 1
333 1155 1
333 1156 1
334 8 1
334 1157 1
334 1158 1
334 1159 1
334 1160 1
335 36 1
335 375 1
335 1161 1
335 1162 1
335 1163 1
335 1164 1
336 129 1
336 217 1
336 302 1
336 783 1
336 1165 1
337 80 1
337 81 1
337 105 1
337 166 1
337 176 1
337 310 1
337 1028 1
337 1166 1
337 1167 1
338 45 1
338 412 1
338 980 1
338 1168 1
338 1169 1
339 51 1
339 55 1
339 92 1
339 103 1
339 211 1
339 447 1
339 677 1
339 957 1
339 1170 1
339 1171 1
340 3 1
340 515 1
340 579 1
340 580 1
340 595 1
340 1172 1
341 614 1
341 840 1
341 897 1
341 922 1
341 984 1
341 1173 1
342 27 1
342 55 1
342 66 1
342 174 1
342 197 1
342 839 1
342 931 1
342 932 1
342 1174 1
343 3 1
343 49 1
343 416 1
343 1175 1
343 1176 1
343 1177 1
344 187 1
344 948 1
344 1178 1
345 36 1
345 51 1
345 256 1
345 442 1
345 1179 1
345 1180 1
346 8 1
346 375 1
346 753 1
346 1181 1
346 1182 1
346 1183 1
347 129 1
347 217 1
347 1184 1
347 1185 1
348 8 1
348 27 1
348 1186 1
348 1187 1
348 1188 1
349 3 1
349 81 1
349 105 1
349 176 1
349 212 1
349 310 1
349 500 1
349 1077 1
349 1167 1
350 36 1
350 582 1
350 980 1
350 1189 1
350 1190 1
350 1191 1
351 55 1
351 65 1
351 80 1
351 229 1
351 518 1
351 930 1
351 1192 1
351 1193 1
352 78 1
352 246 1
352 247 1
352 614 1
352 1054 1
352 1194 1
353 3 1
353 52 1
353 473 1
353 1195 1
353 1196 1
353 1197 1
354 3 1
354 229 1
354 496 1
354 1055 1
354 1198 1
355 45 1
355 81 1
355 163 1
355 1199 1
355 1200 1
355 1201 1
355 1202 1
356 44 1
356 130 1
356 136 1
356 300 1
356 362 1
356 574 1
356 787 1
356 1203 1
357 36 1
357 514 1
357 515 1
357 608 1
357 1204 1
357 1205 1
358 27 1
358 713 1
358 1023 1
358 1206 1
358 1207 1
359 136 1
359 187 1
359 982 1
359 1125 1
359 1208 1
359 1209 1
360 78 1
360 124 1
360 366 1
360 616 1
360 1210 1
360 1211 1
360 1212 1
361 3 1
361 78 1
361 174 1
361 297 1
361 622 1
361 631 1
361 632 1
361 1213 1
361 1214 1
362 36 1
362 45 1
362 79 1
362 118 1
362 120 1
362 1215 1
363 45 1
363 202 1
363 673 1
363 1216 1
363 1217 1
363 1218 1
364 8 1
364 19 1
364 27 1
364 45 1
364 172 1
364 187 1
364 1219 1
364 1220 1
364 1221 1
365 45 1
365 195 1
365 263 1
365 1059 1
365 1222 1
365 1223 1
366 339 1
366 852 1
366 885 1
366 1224 1
367 174 1
367 353 1
367 500 1
367 705 1
367 930 1
367 1225 1
367 1226 1
368 36 1
368 54 1
368 55 1
368 478 1
368 1227 1
368 1228 1
369 45 1
369 70 1
369 141 1
369 174 1
369 605 1
369 947 1
369 990 1
369 991 1
369 1229 1
370 51 1
370 129 1
370 217 1
370 511 1
370 1230 1
370 1231 1
371 65 1
371 206 1
371 697 1
371 706 1
371 1232 1
371 1233 1
372 76 1
372 286 1
372 1234 1
372 1235 1
372 1236 1
373 51 1
373 202 1
373 1065 1
373 1068 1
373 1237 1
373 1238 1
374 51 1
374 52 1
374 713 1
374 1239 1
374 1240 1
375 55 1
375 64 1
375 221 1
375 1241 1
375 1242 1
375 1243 1
376 47 1
376 155 1
376 801 1
376 967 1
376 1244 1
377 51 1
377 1245 1
377 1246 1
377 1247 1
378 55 1
378 79 1
378 80 1
378 1248 1
378 1249 1
378 1250 1
378 1251 1
379 187 1
379 568 1
379 644 1
379 1027 1
379 1252 1
379 1253 1
379 1254 1
379 1255 1
379 1256 1
379 1257 1
379 1258 1
380 61 1
380 176 1
380 294 1
380 527 1
380 1259 1
380 1260 1
381 3 1
381 55 1
381 545 1
381 1077 1
381 1097 1
381 1261 1
381 1262 1
382 16 1
382 78 1
382 580 1
382 887 1
382 1263 1
383 903 1
383 1264 1
383 1265 1
383 1266 1
384 45 1
384 155 1
384 927 1
384 1267 1
384 1268 1
385 36 1
385 45 1
385 137 1
385 149 1
385 1269 1
385 1270 1
386 8 1
386 36 1
386 574 1
386 787 1
386 1271 1
386 1272 1
387 36 1
387 157 1
387 740 1
387 947 1
387 1273 1
387 1274 1
388 47 1
388 1275 1
388 1276 1
388 1277 1
388 1278 1
388 1279 1
389 55 1
389 79 1
389 80 1
389 118 1
389 516 1
389 1086 1
389 1250 1
389 1280 1
390 273 1
390 463 1
390 705 1
390 985 1
390 1281 1
391 55 1
391 81 1
391 518 1
391 527 1
391 807 1
391 1250 1
391 1282 1
391 1283 1
392 16 1
392 41 1
392 293 1
392 378 1
392 519 1
392 635 1
392 1284 1
392 1285 1
393 437 1
393 519 1
393 537 1
393 1286 1
393 1287 1
393 1288 1
393 1289 1
394 174 1
394 637 1
394 852 1
394 1290 1
394 1291 1
395 47 1
395 416 1
395 1292 1
395 1293 1
395 1294 1
395 1295 1
396 45 1
396 55 1
396 775 1
396 1097 1
396 1106 1
396 1296 1
396 1297 1
396 1298 1
397 19 1
397 185 1
397 190 1
397 659 1
397 967 1
397 1299 1
397 1300 1
397 1301 1
398 35 1
398 55 1
398 117 1
398 1302 1
398 1303 1
399 27 1
399 45 1
399 187 1
399 200 1
399 422 1
399 934 1
399 1190 1
399 1304 1
399 1305 1
399 1306 1
399 1307 1
400 45 1
400 245 1
400 992 1
400 1308 1
400 1309 1
401 155 1
401 966 1
401 1141 1
402 36 1
402 45 1
402 66 1
402 166 1
402 196 1
402 321 1
402 378 1
402 815 1
402 983 1
403 174 1
403 310 1
403 577 1
403 840 1
403 1097 1
403 1310 1
403 1311 1
403 1312 1
404 139 1
404 541 1
404 1313 1
404 1314 1
404 1315 1
404 1316 1
405 80 1
405 93 1
405 145 1
405 894 1
405 1135 1
405 1168 1
406 378 1
406 956 1
406 957 1
406 958 1
406 1317 1
407 45 1
407 55 1
407 230 1
407 303 1
407 1094 1
407 1274 1
407 1318 1
407 1319 1
407 1320 1
407 1321 1
408 51 1
408 78 1
408 631 1
408 791 1
408 1322 1
408 1323 1
409 35 1
409 45 1
409 274 1
409 324 1
409 329 1
409 795 1
410 174 1
410 285 1
410 477 1
410 1000 1
410 1192 1
410 1324 1
410 1325 1
410 1326 1
410 1327 1
410 1328 1
411 45 1
411 260 1
411 462 1
411 670 1
411 801 1
411 1329 1
411 1330 1
412 76 1
412 195 1
412 258 1
412 931 1
412 1219 1
412 1331 1
412 1332 1
413 111 1
413 129 1
413 217 1
413 840 1
413 855 1
413 1333 1
414 51 1
414 748 1
414 1334 1
414 1335 1
414 1336 1
414 1337 1
415 137 1
415 187 1
415 1338 1
415 1339 1
415 1340 1
415 1341 1
416 45 1
416 79 1
416 897 1
416 1342 1
416 1343 1
416 1344 1
417 45 1
417 51 1
417 295 1
417 554 1
417 1345 1
417 1346 1
417 1347 1
418 55 1
418 187 1
418 1134 1
418 1348 1
418 1349 1
419 36 1
419 80 1
419 92 1
419 187 1
419 211 1
419 324 1
419 956 1
419 957 1
419 1350 1
419 1351 1
420 8 1
420 767 1
420 840 1
420 1352 1
420 1353 1
420 1354 1
420 1355 1
421 68 1
421 1125 1
421 1356 1
421 1357 1
421 1358 1
422 360 1
422 791 1
422 1016 1
422 1028 1
422 1029 1
422 1359 1
423 1360 1
423 1361 1
423 1362 1
423 1363 1
423 1364 1
424 182 1
424 300 1
424 772 1
424 1365 1
424 1366 1
424 1367 1
425 10 1
425 55 1
425 683 1
425 794 1
425 1101 1
425 1102 1
426 51 1
426 174 1
426 187 1
426 888 1
426 982 1
426 1105 1
426 1368 1
426 1369 1
426 1370 1
427 215 1
427 282 1
427 852 1
427 884 1
427 885 1
428 45 1
428 55 1
428 1371 1
428 1372 1
428 1373 1
428 1374 1
428 1375 1
429 3 1
429 10 1
429 114 1
429 555 1
429 661 1
430 13 1
430 957 1
430 1376 1
430 1377 1
430 1378 1
431 55 1
431 1346 1
431 1379 1
431 1380 1
431 1381 1
431 1382 1
432 137 1
432 187 1
432 1339 1
432 1340 1
432 1341 1
433 27 1
433 310 1
433 704 1
433 837 1
433 998 1
433 1383 1
434 51 1
434 770 1
434 1094 1
434 1233 1
434 1384 1
434 1385 1
435 437 1
435 1386 1
436 27 1
436 51 1
436 79 1
436 166 1
436 454 1
436 1387 1
436 1388 1
437 45 1
437 336 1
437 1134 1
437 1389 1
437 1390 1
437 1391 1
438 51 1
438 174 1
438 176 1
438 573 1
438 628 1
438 701 1
438 841 1
438 888 1
438 1106 1
438 1392 1
439 16 1
439 56 1
439 103 1
439 185 1
439 297 1
439 1393 1
439 1394 1
440 45 1
440 55 1
440 81 1
440 117 1
440 302 1
440 838 1
440 875 1
440 1143 1
440 1395 1
440 1396 1
440 1397 1
441 55 1
441 979 1
441 1283 1
441 1398 1
441 1399 1
441 1400 1
442 78 1
442 229 1
442 761 1
442 1401 1
442 1402 1
442 1403 1
443 12 1
443 52 1
443 285 1
443 1380 1
443 1404 1
443 1405 1
444 761 1
444 834 1
444 1403 1
444 1406 1
445 274 1
445 1407 1
445 1408 1
445 1409 1
445 1410 1
445 1411 1
446 232 1
446 1082 1
446 1385 1
446 1412 1
447 78 1
447 391 1
447 474 1
447 998 1
447 1062 1
447 1413 1
447 1414 1
448 312 1
448 645 1
448 1233 1
448 1415 1
449 51 1
449 55 1
449 92 1
449 956 1
449 957 1
449 958 1
449 959 1
449 1317 1
449 1416 1
450 68 1
450 582 1
450 1417 1
450 1418 1
450 1419 1
451 1420 1
451 1421 1
451 1422 1
451 1423 1
452 120 1
452 481 1
452 850 1
452 941 1
452 1424 1
453 190 1
453 383 1
453 1062 1
453 1425 1
453 1426 1
453 1427 1
454 45 1
454 47 1
454 105 1
454 514 1
454 549 1
454 1428 1
454 1429 1
454 1430 1
454 1431 1
454 1432 1
455 305 1
455 553 1
455 850 1
455 1262 1
455 1394 1
455 1433 1
456 45 1
456 55 1
456 88 1
456 832 1
456 979 1
456 980 1
456 1276 1
456 1434 1
456 1435 1
456 1436 1
457 1295 1
457 1437 1
457 1438 1
457 1439 1
457 1440 1
457 1441 1
458 55 1
458 79 1
458 81 1
458 206 1
458 553 1
458 752 1
458 1442 1
459 221 1
459 728 1
459 1443 1
459 1444 1
460 300 1
460 840 1
460 1445 1
460 1446 1
460 1447 1
461 76 1
461 187 1
461 1448 1
461 1449 1
461 1450 1
461 1451 1
461 1452 1
462 24 1
462 51 1
462 341 1
462 1102 1
462 1453 1
462 1454 1
462 1455 1
463 716 1
463 1456 1
463 1457 1
463 1458 1
463 1459 1
464 193 1
464 282 1
464 761 1
464 955 1
464 1460 1
464 1461 1
464 1462 1
465 8 1
465 45 1
465 51 1
465 79 1
465 81 1
465 229 1
465 474 1
465 895 1
465 1463 1
465 1464 1
466 45 1
466 55 1
466 141 1
466 605 1
466 706 1
466 991 1
466 1465 1
467 51 1
467 1276 1
467 1466 1
467 1467 1
468 8 1
468 81 1
468 301 1
468 902 1
468 976 1
468 977 1
469 13 1
469 140 1
469 166 1
469 203 1
469 206 1
469 256 1
469 444 1
469 460 1
469 615 1
469 622 1
469 1089 1
469 1148 1
470 79 1
470 473 1
470 681 1
470 907 1
470 1468 1
470 1469 1
470 1470 1
470 1471 1
471 36 1
471 55 1
471 281 1
471 397 1
471 948 1
471 1125 1
471 1233 1
471 1472 1
472 51 1
472 146 1
472 840 1
472 1338 1
472 1365 1
472 1473 1
472 1474 1
472 1475 1
473 27 1
473 44 1
473 241 1
473 300 1
473 450 1
473 580 1
473 1476 1
473 1477 1
473 1478 1
473 1479 1
474 1233 1
474 1480 1
474 1481 1
474 1482 1
475 490 1
475 798 1
475 1483 1
475 1484 1
476 51 1
476 174 1
476 187 1
476 862 1
476 888 1
476 1485 1
476 1486 1
476 1487 1
477 274 1
477 489 1
477 606 1
478 3 1
478 153 1
478 213 1
478 1028 1
478 1488 1
478 1489 1
479 905 1
479 1098 1
479 1176 1
479 1490 1
480 51 1
480 136 1
480 206 1
480 437 1
480 608 1
480 622 1
480 887 1
480 1491 1
480 1492 1
480 1493 1
480 1494 1
481 55 1
481 628 1
481 1495 1
481 1496 1
482 51 1
482 1061 1
482 1497 1
482 1498 1
482 1499 1
482 1500 1
483 383 1
483 767 1
483 1407 1
483 1501 1
483 1502 1
483 1503 1
484 105 1
484 153 1
484 1489 1
484 1504 1
485 172 1
485 260 1
485 378 1
485 1038 1
485 1305 1
485 1505 1
486 105 1
486 192 1
486 213 1
486 1506 1
486 1507 1
487 36 1
487 55 1
487 788 1
487 948 1
487 1503 1
487 1508 1
487 1509 1
487 1510 1
488 549 1
488 781 1
488 803 1
488 1511 1
489 36 1
489 608 1
489 636 1
489 675 1
489 696 1
489 700 1
489 1512 1
490 45 1
490 78 1
490 94 1
490 174 1
490 404 1
490 580 1
490 642 1
490 725 1
490 1343 1
490 1359 1
490 1513 1
490 1514 1
490 1515 1
491 45 1
491 182 1
491 981 1
491 1504 1
491 1516 1
491 1517 1
491 1518 1
492 645 1
492 948 1
492 1233 1
492 1519 1
492 1520 1
492 1521 1
493 45 1
493 234 1
493 246 1
493 473 1
493 1522 1
493 1523 1
493 1524 1
493 1525 1
494 73 1
494 1526 1
494 1527 1
494 1528 1
494 1529 1
494 1530 1
495 8 1
495 349 1
495 670 1
495 1396 1
495 1531 1
496 36 1
496 55 1
496 397 1
496 1532 1
496 1533 1
496 1534 1
496 1535 1
497 55 1
497 1073 1
497 1391 1
497 1536 1
497 1537 1
497 1538 1
498 8 1
498 88 1
498 673 1
498 875 1
498 1219 1
498 1360 1
498 1539 1
499 8 1
499 888 1
499 1540 1
499 1541 1
499 1542 1
500 3 1
500 54 1
500 256 1
500 503 1
500 755 1
500 1543 1
500 1544 1
501 36 1
501 1004 1
501 1024 1
501 1420 1
501 1421 1
501 1545 1
502 80 1
502 371 1
502 383 1
502 1546 1
502 1547 1
502 1548 1
502 1549 1
503 174 1
503 353 1
503 500 1
503 705 1
503 930 1
503 1225 1
503 1226 1
503 1550 1
503 1551 1
504 399 1
504 461 1
504 682 1
504 1552 1
504 1553 1
504 1554 1
505 52 1
505 85 1
505 1555 1
506 8 1
506 187 1
506 202 1
506 733 1
506 1556 1
507 22 1
507 27 1
507 78 1
507 1493 1
507 1557 1
507 1558 1
508 76 1
508 310 1
508 837 1
508 1559 1
508 1560 1
509 55 1
509 728 1
509 1561 1
509 1562 1
509 1563 1
510 55 1
510 736 1
510 1146 1
510 1564 1
510 1565 1
511 170 1
511 174 1
511 311 1
511 437 1
511 519 1
511 537 1
511 1288 1
511 1566 1
511 1567 1
512 16 1
512 36 1
512 244 1
512 553 1
512 1568 1
512 1569 1
513 130 1
513 195 1
513 1570 1
513 1571 1
513 1572 1
513 1573 1
514 1119 1
514 1389 1
514 1411 1
514 1574 1
514 1575 1
514 1576 1
514 1577 1
514 1578 1
515 837 1
515 940 1
515 1360 1
515 1579 1
515 1580 1
516 13 1
516 36 1
516 45 1
516 51 1
516 310 1
516 577 1
516 580 1
516 993 1
516 1087 1
516 1581 1
517 8 1
517 13 1
517 187 1
517 279 1
517 527 1
517 594 1
517 827 1
517 1582 1
517 1583 1
518 45 1
518 290 1
518 1144 1
518 1584 1
518 1585 1
518 1586 1
518 1587 1
519 13 1
519 36 1
519 45 1
519 830 1
519 1588 1
519 1589 1
519 1590 1
519 1591 1
519 1592 1
520 8 1
520 241 1
520 493 1
520 539 1
520 772 1
520 1148 1
520 1593 1
521 52 1
521 659 1
521 1016 1
521 1594 1
521 1595 1
522 36 1
522 989 1
522 1283 1
522 1596 1
522 1597 1
523 206 1
523 273 1
523 514 1
523 515 1
523 980 1
523 1586 1
523 1598 1
523 1599 1
524 55 1
524 375 1
524 1214 1
524 1600 1
524 1601 1
525 51 1
525 295 1
525 1602 1
525 1603 1
526 27 1
526 55 1
526 515 1
526 934 1
526 1243 1
526 1382 1
526 1604 1
526 1605 1
526 1606 1
526 1607 1
527 51 1
527 55 1
527 80 1
527 371 1
527 474 1
527 686 1
527 1146 1
527 1608 1
527 1609 1
527 1610 1
528 55 1
528 454 1
528 518 1
528 549 1
528 699 1
528 1034 1
528 1611 1
528 1612 1
529 537 1
529 544 1
529 862 1
529 903 1
529 1613 1
530 8 1
530 514 1
530 515 1
530 1063 1
530 1614 1
531 47 1
531 80 1
531 81 1
531 174 1
531 215 1
531 310 1
531 477 1
531 1615 1
532 55 1
532 174 1
532 463 1
532 539 1
532 1616 1
532 1617 1
532 1618 1
533 51 1
533 1019 1
533 1150 1
533 1619 1
533 1620 1
533 1621 1
534 206 1
534 1178 1
534 1622 1
534 1623 1
534 1624 1
534 1625 1
535 55 1
535 91 1
535 725 1
535 1323 1
535 1626 1
535 1627 1
535 1628 1
536 12 1
536 696 1
536 1629 1
536 1630 1
536 1631 1
537 51 1
537 55 1
537 79 1
537 187 1
537 553 1
537 1616 1
537 1632 1
537 1633 1
538 13 1
538 14 1
538 80 1
538 249 1
538 282 1
538 333 1
538 437 1
538 699 1
538 852 1
539 78 1
539 398 1
539 761 1
539 1403 1
539 1608 1
539 1610 1
540 45 1
540 70 1
540 947 1
540 991 1
540 1634 1
541 19 1
541 368 1
541 555 1
541 775 1
541 798 1
541 840 1
541 1635 1
541 1636 1
542 565 1
542 1637 1
542 1638 1
542 1639 1
542 1640 1
543 43 1
543 174 1
543 344 1
543 1084 1
543 1288 1
543 1641 1
543 1642 1
544 206 1
544 842 1
544 981 1
544 1233 1
544 1423 1
544 1643 1
545 22 1
545 45 1
545 55 1
545 214 1
545 569 1
545 988 1
545 1359 1
545 1363 1
546 8 1
546 55 1
546 580 1
546 980 1
546 1644 1
546 1645 1
546 1646 1
546 1647 1
546 1648 1
547 36 1
547 51 1
547 79 1
547 88 1
547 511 1
547 516 1
547 1539 1
547 1649 1
547 1650 1
548 21 1
548 27 1
548 36 1
548 45 1
548 212 1
548 783 1
548 1115 1
548 1651 1
548 1652 1
549 8 1
549 45 1
549 79 1
549 292 1
549 869 1
549 1115 1
549 1186 1
549 1653 1
550 45 1
550 482 1
550 1029 1
550 1654 1
550 1655 1
551 36 1
551 212 1
551 1656 1
551 1657 1
551 1658 1
551 1659 1
552 36 1
552 916 1
552 917 1
552 1523 1
552 1660 1
553 8 1
553 13 1
553 51 1
553 103 1
553 510 1
553 798 1
553 957 1
553 1661 1
553 1662 1
553 1663 1
554 8 1
554 81 1
554 292 1
554 477 1
554 869 1
554 1458 1
554 1664 1
554 1665 1
554 1666 1
555 51 1
555 256 1
555 1667 1
555 1668 1
555 1669 1
555 1670 1
556 45 1
556 137 1
556 300 1
556 1233 1
556 1568 1
556 1671 1
556 1672 1
557 781 1
557 892 1
557 893 1
557 1673 1
558 131 1
558 1674 1
558 1675 1
558 1676 1
558 1677 1
558 1678 1
559 45 1
559 81 1
559 105 1
559 310 1
559 500 1
559 1166 1
559 1167 1
560 45 1
560 80 1
560 246 1
560 247 1
560 406 1
560 978 1
560 1432 1
560 1679 1
561 78 1
561 155 1
561 659 1
561 965 1
561 966 1
561 967 1
562 16 1
562 297 1
562 305 1
562 1168 1
562 1680 1
563 3 1
563 221 1
563 1297 1
563 1681 1
563 1682 1
564 13 1
564 27 1
564 221 1
564 706 1
564 1683 1
564 1684 1
564 1685 1
565 27 1
565 91 1
565 601 1
565 1686 1
565 1687 1
565 1688 1
566 36 1
566 51 1
566 119 1
566 174 1
566 187 1
566 371 1
566 375 1
566 1324 1
566 1325 1
566 1376 1
566 1689 1
567 13 1
567 174 1
567 187 1
567 279 1
567 289 1
567 358 1
567 527 1
567 578 1
567 980 1
567 1616 1
567 1690 1
568 45 1
568 51 1
568 163 1
568 246 1
568 1359 1
568 1428 1
568 1691 1
568 1692 1
568 1693 1
569 8 1
569 176 1
569 673 1
569 817 1
569 969 1
569 1646 1
569 1694 1
569 1695 1
570 51 1
570 310 1
570 511 1
570 1125 1
570 1679 1
570 1696 1
571 489 1
571 500 1
571 677 1
571 1697 1
571 1698 1
572 8 1
572 51 1
572 92 1
572 103 1
572 174 1
572 187 1
572 957 1
572 1630 1
572 1699 1
572 1700 1
573 187 1
573 967 1
573 1075 1
573 1076 1
574 3 1
574 14 1
574 114 1
574 282 1
574 437 1
574 699 1
574 807 1
574 1701 1
575 44 1
575 51 1
575 176 1
575 1324 1
575 1325 1
575 1423 1
575 1702 1
575 1703 1
575 1704 1
576 146 1
576 221 1
576 1102 1
576 1242 1
576 1705 1
577 51 1
577 258 1
577 511 1
577 1405 1
577 1706 1
578 163 1
578 169 1
578 514 1
578 515 1
578 1189 1
579 187 1
579 466 1
579 1341 1
579 1707 1
579 1708 1
579 1709 1
580 55 1
580 428 1
580 617 1
580 751 1
580 1049 1
580 1186 1
580 1291 1
581 51 1
581 1008 1
581 1710 1
581 1711 1
581 1712 1
582 51 1
582 1663 1
582 1678 1
582 1713 1
583 8 1
583 28 1
583 41 1
583 172 1
583 260 1
584 500 1
584 791 1
584 1090 1
584 1091 1
584 1092 1
584 1093 1
584 1338 1
585 1158 1
585 1714 1
585 1715 1
586 55 1
586 76 1
586 263 1
586 729 1
586 841 1
586 1257 1
586 1341 1
586 1614 1
586 1716 1
586 1717 1
586 1718 1
587 8 1
587 111 1
587 1719 1
587 1720 1
587 1721 1
587 1722 1
588 13 1
588 19 1
588 76 1
588 94 1
588 1191 1
588 1267 1
588 1288 1
588 1723 1
588 1724 1
588 1725 1
588 1726 1
589 51 1
589 55 1
589 105 1
589 511 1
589 518 1
589 551 1
589 897 1
589 1609 1
590 8 1
590 696 1
590 713 1
590 1727 1
590 1728 1
590 1729 1
591 36 1
591 163 1
591 164 1
591 295 1
591 515 1
591 595 1
591 1730 1
592 27 1
592 36 1
592 174 1
592 587 1
592 1731 1
592 1732 1
592 1733 1
593 51 1
593 92 1
593 301 1
593 956 1
593 957 1
593 958 1
593 959 1
594 36 1
594 136 1
594 187 1
594 543 1
594 704 1
594 1519 1
594 1734 1
595 411 1
595 791 1
595 918 1
595 1735 1
596 36 1
596 341 1
596 598 1
596 894 1
596 1432 1
597 514 1
597 515 1
597 579 1
597 580 1
597 884 1
598 36 1
598 980 1
598 1290 1
598 1736 1
598 1737 1
599 172 1
599 1505 1
599 1730 1
599 1738 1
600 22 1
600 27 1
600 76 1
600 166 1
600 174 1
600 187 1
600 244 1
600 603 1
600 1739 1
600 1740 1
601 277 1
601 343 1
601 598 1
601 626 1
601 644 1
601 1430 1
601 1432 1
601 1741 1
602 137 1
602 146 1
602 888 1
602 948 1
602 1601 1
602 1742 1
602 1743 1
603 537 1
603 1048 1
603 1405 1
603 1744 1
603 1745 1
604 13 1
604 36 1
604 55 1
604 213 1
604 295 1
604 1090 1
604 1381 1
604 1746 1
604 1747 1
605 490 1
605 798 1
605 1338 1
605 1483 1
605 1484 1
606 1204 1
606 1429 1
606 1748 1
606 1749 1
606 1750 1
607 27 1
607 51 1
607 76 1
607 725 1
607 999 1
607 1589 1
607 1751 1
607 1752 1
607 1753 1
608 45 1
608 166 1
608 614 1
608 1173 1
608 1754 1
608 1755 1
609 3 1
609 76 1
609 174 1
609 202 1
609 935 1
609 944 1
609 1334 1
609 1756 1
609 1757 1
610 45 1
610 169 1
610 268 1
610 514 1
610 515 1
610 579 1
610 1097 1
610 1556 1
610 1758 1
611 64 1
611 146 1
611 735 1
611 737 1
611 1759 1
611 1760 1
612 55 1
612 124 1
612 159 1
612 1761 1
612 1762 1
613 8 1
613 36 1
613 130 1
613 439 1
613 574 1
613 787 1
613 1272 1
614 16 1
614 33 1
614 35 1
614 36 1
614 37 1
614 192 1
614 1763 1
615 8 1
615 52 1
615 55 1
615 81 1
615 103 1
615 181 1
615 232 1
615 241 1
615 1148 1
615 1478 1
615 1606 1
616 8 1
616 36 1
616 174 1
616 329 1
616 916 1
616 917 1
616 1759 1
617 196 1
617 553 1
617 1135 1
617 1764 1
617 1765 1
618 8 1
618 45 1
618 81 1
618 120 1
618 195 1
618 906 1
618 1051 1
618 1199 1
618 1766 1
618 1767 1
619 1060 1
619 1768 1
619 1769 1
619 1770 1
619 1771 1
620 8 1
620 55 1
620 215 1
620 908 1
620 1772 1
620 1773 1
621 41 1
621 155 1
621 947 1
621 1774 1
621 1775 1
621 1776 1
621 1777 1
621 1778 1
622 36 1
622 80 1
622 295 1
622 399 1
622 520 1
622 948 1
622 1233 1
622 1553 1
622 1779 1
622 1780 1
623 45 1
623 300 1
623 514 1
623 515 1
623 1736 1
623 1781 1
623 1782 1
624 416 1
624 775 1
624 1197 1
624 1783 1
624 1784 1
625 8 1
625 131 1
625 311 1
625 902 1
625 1785 1
625 1786 1
625 1787 1
626 10 1
626 55 1
626 161 1
626 297 1
626 1788 1
627 19 1
627 45 1
627 231 1
627 266 1
627 300 1
627 506 1
627 1144 1
627 1757 1
627 1789 1
627 1790 1
628 105 1
628 260 1
628 761 1
628 1403 1
628 1791 1
628 1792 1
629 47 1
629 68 1
629 645 1
629 1053 1
629 1519 1
629 1521 1
630 8 1
630 156 1
630 255 1
630 851 1
630 1793 1
630 1794 1
630 1795 1
631 36 1
631 51 1
631 129 1
631 217 1
631 511 1
631 1231 1
631 1796 1
632 45 1
632 336 1
632 1134 1
632 1389 1
632 1390 1
632 1391 1
633 54 1
633 136 1
633 506 1
633 549 1
633 781 1
634 55 1
634 161 1
634 518 1
634 527 1
634 807 1
634 1283 1
635 51 1
635 55 1
635 129 1
635 217 1
635 336 1
635 511 1
635 1797 1
636 1661 1
636 1798 1
636 1799 1
636 1800 1
637 8 1
637 51 1
637 55 1
637 174 1
637 511 1
637 906 1
637 1768 1
637 1801 1
637 1802 1
637 1803 1
637 1804 1
638 55 1
638 1023 1
638 1206 1
638 1286 1
638 1805 1
639 76 1
639 286 1
639 1234 1
639 1235 1
639 1236 1
640 76 1
640 397 1
640 1124 1
640 1233 1
640 1697 1
640 1806 1
641 51 1
641 76 1
641 78 1
641 94 1
641 477 1
641 511 1
641 518 1
641 881 1
641 897 1
642 8 1
642 137 1
642 266 1
642 329 1
642 890 1
642 1060 1
643 45 1
643 81 1
643 105 1
643 310 1
643 500 1
643 1166 1
643 1167 1
644 44 1
644 176 1
644 437 1
644 1158 1
644 1608 1
644 1807 1
645 45 1
645 187 1
645 981 1
645 1276 1
645 1808 1
645 1809 1
646 767 1
646 1590 1
646 1810 1
646 1811 1
646 1812 1
647 47 1
647 607 1
647 906 1
647 1342 1
647 1813 1
647 1814 1
647 1815 1
648 55 1
648 76 1
648 166 1
648 187 1
648 752 1
648 981 1
648 1349 1
648 1816 1
648 1817 1
649 45 1
649 81 1
649 105 1
649 310 1
649 1028 1
649 1166 1
649 1167 1
650 706 1
650 728 1
650 1300 1
650 1818 1
650 1819 1
651 8 1
651 155 1
651 182 1
651 215 1
651 635 1
651 1167 1
651 1267 1
651 1820 1
652 27 1
652 55 1
652 813 1
652 1809 1
652 1821 1
652 1822 1
652 1823 1
653 466 1
653 517 1
653 1824 1
653 1825 1
654 55 1
654 79 1
654 907 1
654 1826 1
654 1827 1
654 1828 1
655 956 1
655 957 1
655 958 1
655 1317 1
655 1829 1
656 36 1
656 45 1
656 55 1
656 79 1
656 120 1
656 519 1
656 549 1
656 1344 1
656 1830 1
657 345 1
657 582 1
657 1831 1
657 1832 1
657 1833 1
658 47 1
658 51 1
658 78 1
658 79 1
658 81 1
658 737 1
658 895 1
658 1834 1
659 187 1
659 465 1
659 1019 1
659 1835 1
660 55 1
660 249 1
660 1134 1
660 1135 1
660 1797 1
660 1836 1
661 55 1
661 249 1
661 1134 1
661 1135 1
661 1136 1
661 1137 1
662 190 1
662 206 1
662 696 1
662 700 1
662 1042 1
662 1344 1
662 1412 1
662 1468 1
662 1837 1
662 1838 1
662 1839 1
662 1840 1
662 1841 1
662 1842 1
663 76 1
663 238 1
663 710 1
663 1134 1
663 1135 1
663 1389 1
663 1797 1
663 1843 1
664 51 1
664 1300 1
664 1309 1
664 1844 1
664 1845 1
664 1846 1
665 51 1
665 55 1
665 1382 1
665 1847 1
665 1848 1
665 1849 1
665 1850 1
666 16 1
666 55 1
666 265 1
666 787 1
666 1851 1
667 16 1
667 129 1
667 217 1
667 644 1
667 930 1
668 78 1
668 948 1
668 1233 1
668 1253 1
668 1852 1
668 1853 1
669 51 1
669 251 1
669 278 1
669 716 1
669 1854 1
669 1855 1
670 483 1
670 854 1
670 1382 1
670 1697 1
670 1856 1
671 141 1
671 1857 1
671 1858 1
672 301 1
672 1305 1
672 1730 1
672 1859 1
673 13 1
673 27 1
673 36 1
673 51 1
673 174 1
673 187 1
673 324 1
673 375 1
673 1635 1
673 1700 1
673 1860 1
674 156 1
674 1861 1
674 1862 1
675 45 1
675 851 1
675 1863 1
675 1864 1
675 1865 1
675 1866 1
676 27 1
676 45 1
676 55 1
676 80 1
676 181 1
676 229 1
676 241 1
676 544 1
676 801 1
676 1341 1
676 1468 1
676 1867 1
677 172 1
677 473 1
677 795 1
677 1115 1
677 1868 1
678 134 1
678 135 1
678 137 1
678 696 1
678 1869 1
679 81 1
679 514 1
679 515 1
679 579 1
679 1274 1
679 1491 1
680 1173 1
680 1870 1
680 1871 1
680 1872 1
681 13 1
681 27 1
681 51 1
681 55 1
681 517 1
681 594 1
681 1503 1
681 1873 1
681 1874 1
681 1875 1
681 1876 1
682 8 1
682 76 1
682 187 1
682 455 1
682 923 1
682 1288 1
682 1877 1
682 1878 1
683 761 1
683 834 1
683 1403 1
683 1406 1
684 411 1
684 636 1
684 1512 1
684 1567 1
685 69 1
685 130 1
685 989 1
685 1136 1
685 1879 1
686 8 1
686 27 1
686 45 1
686 182 1
686 187 1
686 635 1
686 787 1
686 998 1
686 1001 1
686 1880 1
687 55 1
687 516 1
687 1881 1
687 1882 1
687 1883 1
688 5 1
688 706 1
688 1253 1
688 1362 1
688 1884 1
688 1885 1
688 1886 1
688 1887 1
689 45 1
689 519 1
689 1642 1
689 1888 1
689 1889 1
690 3 1
690 221 1
690 1297 1
690 1681 1
690 1682 1
691 137 1
691 283 1
691 389 1
691 1890 1
691 1891 1
692 293 1
692 300 1
692 1274 1
692 1318 1
692 1505 1
692 1892 1
692 1893 1
692 1894 1
692 1895 1
692 1896 1
693 1233 1
693 1253 1
693 1852 1
693 1897 1
693 1898 1
694 174 1
694 258 1
694 841 1
694 1276 1
694 1683 1
695 55 1
695 134 1
695 146 1
695 295 1
695 603 1
695 654 1
695 1034 1
695 1035 1
696 45 1
696 514 1
696 515 1
696 1556 1
696 1758 1
696 1782 1
696 1899 1
697 8 1
697 51 1
697 92 1
697 103 1
697 174 1
697 187 1
697 957 1
697 1630 1
697 1699 1
697 1700 1
698 815 1
698 1125 1
698 1900 1
698 1901 1
698 1902 1
699 568 1
699 1693 1
699 1903 1
699 1904 1
699 1905 1
699 1906 1
699 1907 1
699 1908 1
700 55 1
700 78 1
700 311 1
700 543 1
700 1856 1
700 1909 1
700 1910 1
700 1911 1
700 1912 1
701 473 1
701 1280 1
701 1913 1
701 1914 1
701 1915 1
702 36 1
702 305 1
702 1190 1
702 1191 1
702 1204 1
702 1916 1
703 437 1
703 537 1
703 592 1
703 1298 1
703 1566 1
703 1609 1
703 1917 1
704 437 1
704 537 1
704 592 1
704 687 1
704 699 1
704 1596 1
705 27 1
705 45 1
705 51 1
705 184 1
705 211 1
705 230 1
705 641 1
705 1918 1
706 70 1
706 848 1
706 1006 1
706 1555 1
706 1808 1
707 36 1
707 426 1
707 442 1
707 993 1
707 1279 1
707 1346 1
707 1382 1
708 44 1
708 45 1
708 78 1
708 147 1
708 187 1
708 642 1
708 994 1
708 1919 1
708 1920 1
709 8 1
709 84 1
709 1004 1
709 1219 1
709 1921 1
710 55 1
710 66 1
710 92 1
710 104 1
710 106 1
710 211 1
710 303 1
710 548 1
710 1317 1
710 1922 1
710 1923 1
711 51 1
711 263 1
711 310 1
711 511 1
711 1924 1
711 1925 1
712 36 1
712 331 1
712 706 1
712 758 1
712 828 1
712 1063 1
712 1926 1
713 187 1
713 465 1
713 1019 1
713 1835 1
713 1927 1
714 105 1
714 282 1
714 325 1
714 1928 1
714 1929 1
715 36 1
715 45 1
715 155 1
715 212 1
715 927 1
715 1267 1
715 1820 1
715 1930 1
716 12 1
716 146 1
716 1931 1
716 1932 1
716 1933 1
717 218 1
717 295 1
717 1934 1
717 1935 1
718 78 1
718 1325 1
718 1936 1
718 1937 1
719 3 1
719 4 1
719 206 1
719 265 1
719 316 1
719 752 1
719 959 1
719 1938 1
720 52 1
720 105 1
720 371 1
720 510 1
720 551 1
720 1000 1
720 1368 1
720 1939 1
720 1940 1
721 55 1
721 206 1
721 229 1
721 231 1
721 1144 1
721 1204 1
721 1941 1
722 45 1
722 273 1
722 294 1
722 837 1
722 1434 1
722 1435 1
722 1560 1
722 1626 1
722 1917 1
722 1942 1
723 47 1
723 363 1
723 869 1
723 1943 1
723 1944 1
723 1945 1
724 8 1
724 215 1
724 426 1
724 427 1
724 666 1
724 804 1
724 1946 1
725 156 1
725 1338 1
725 1861 1
725 1862 1
726 19 1
726 88 1
726 378 1
726 1040 1
726 1466 1
726 1593 1
726 1947 1
727 1408 1
727 1409 1
727 1410 1
727 1411 1
728 246 1
728 512 1
728 573 1
728 855 1
728 1948 1
728 1949 1
729 229 1
729 231 1
729 500 1
729 1144 1
729 1950 1
730 136 1
730 481 1
730 740 1
730 851 1
730 1951 1
730 1952 1
731 533 1
731 1060 1
731 1267 1
731 1953 1
731 1954 1
731 1955 1
732 1119 1
732 1411 1
732 1575 1
732 1576 1
732 1577 1
732 1578 1
733 45 1
733 55 1
733 79 1
733 174 1
733 215 1
733 473 1
733 895 1
733 944 1
733 1956 1
733 1957 1
733 1958 1
733 1959 1
734 287 1
734 696 1
734 1211 1
734 1960 1
734 1961 1
735 55 1
735 353 1
735 705 1
735 985 1
735 1348 1
735 1783 1
736 616 1
736 821 1
736 878 1
736 1226 1
736 1955 1
736 1962 1
737 52 1
737 579 1
737 897 1
737 1173 1
737 1963 1
737 1964 1
738 55 1
738 263 1
738 439 1
738 462 1
738 1446 1
738 1952 1
738 1965 1
739 45 1
739 211 1
739 956 1
739 957 1
739 958 1
739 1135 1
739 1829 1
739 1966 1
740 16 1
740 36 1
740 588 1
740 783 1
740 1967 1
741 174 1
741 295 1
741 368 1
741 851 1
741 919 1
741 1968 1
742 45 1
742 174 1
742 187 1
742 1616 1
742 1695 1
742 1969 1
742 1970 1
742 1971 1
743 37 1
743 52 1
743 299 1
743 779 1
743 1226 1
743 1411 1
