0: 0 1 2 3 4 5 
1: 6 7 8 9 
2: 5 10 11 12 13 14 
3: 15 16 17 
4: 18 19 20 21 22 23 
5: 24 25 26 27 28 29 
6: 13 30 31 32 
7: 33 34 35 36 37 38 
8: 39 40 41 
9: 39 42 43 44 45 46 47 48 49 
10: 3 39 50 51 52 53 54 55 56 
11: 45 51 57 58 59 60 61 62 63 64 
12: 28 55 65 66 67 68 
13: 28 69 70 71 72 
14: 73 74 75 76 77 78 79 80 81 82 
15: 28 44 45 83 84 
16: 8 28 50 51 52 85 86 87 88 89 90 91 
17: 28 51 55 92 93 94 95 96 
18: 27 73 97 98 99 100 
19: 51 64 101 102 103 104 105 106 
20: 76 107 108 109 110 111 112 113 
21: 14 55 114 115 116 117 
22: 55 79 118 119 120 121 122 123 124 
23: 45 125 126 127 128 129 
24: 130 131 132 133 
25: 48 134 135 136 137 138 139 140 
26: 45 141 142 143 144 145 146 147 148 
27: 2 149 150 151 152 
28: 153 154 155 156 157 158 
29: 55 117 159 160 161 
30: 45 162 163 164 165 166 167 168 
31: 8 169 170 171 172 
32: 55 173 174 175 176 177 178 179 
33: 35 180 181 182 183 184 185 186 187 
34: 174 188 189 190 191 192 
35: 35 36 37 186 193 194 195 
36: 55 79 81 82 196 197 
37: 3 134 198 199 200 201 202 
38: 45 79 136 203 204 205 206 207 
39: 208 209 210 211 212 
40: 174 213 214 215 216 217 
41: 36 174 188 218 219 220 221 222 
42: 3 223 224 225 226 227 
43: 55 79 81 120 228 229 
44: 19 66 214 230 231 232 
45: 45 233 234 235 236 
46: 93 237 238 239 240 
47: 45 234 241 242 243 244 245 
48: 27 55 246 247 248 249 
49: 36 119 250 251 252 
50: 45 52 136 253 254 255 256 257 
51: 55 188 258 259 260 261 262 
52: 36 56 172 174 188 263 264 265 266 267 
53: 70 78 124 136 247 268 
54: 55 174 228 269 270 271 272 
55: 273 274 275 276 277 
56: 8 273 278 279 280 281 
57: 55 188 258 259 260 261 262 
58: 45 233 234 235 236 
59: 55 250 251 282 283 284 285 
60: 146 224 235 286 287 288 289 
61: 17 55 76 79 290 291 292 293 
62: 55 188 273 294 295 296 
63: 97 216 297 298 299 300 301 302 303 
64: 175 304 305 306 307 308 
65: 18 22 55 309 310 311 312 313 
66: 125 126 314 315 316 
67: 137 138 139 317 318 319 
68: 51 163 320 321 322 323 324 
69: 8 111 155 325 326 327 
70: 8 245 309 328 329 330 331 332 
71: 8 137 307 333 334 335 336 337 
72: 8 51 83 138 139 338 339 340 341 
73: 76 209 342 343 344 345 346 347 
74: 174 188 268 348 349 350 351 
75: 55 117 352 353 354 355 356 357 
76: 5 317 358 359 
77: 27 35 52 55 360 361 362 
78: 45 363 364 365 366 
79: 174 290 367 368 369 370 
80: 13 245 371 372 373 
81: 210 290 374 375 376 
82: 44 45 48 55 377 378 379 380 381 
83: 382 383 384 385 386 
84: 51 387 388 389 390 391 392 
85: 103 174 242 273 393 394 395 396 397 398 399 
86: 55 138 139 317 400 
87: 175 304 305 306 401 
88: 391 402 403 404 
89: 76 405 406 407 
90: 45 55 124 408 409 410 411 
91: 8 412 413 414 415 
92: 8 150 151 416 417 418 
93: 8 419 420 421 422 423 
94: 36 424 425 426 427 
95: 146 174 375 428 429 430 431 
96: 18 22 55 309 310 311 312 313 
97: 81 140 432 433 434 
98: 181 435 436 437 438 
99: 116 439 440 
100: 55 114 116 117 
101: 441 442 443 444 445 446 
102: 13 41 188 447 448 449 
103: 35 36 37 73 450 451 452 
104: 48 134 135 136 137 138 139 140 
105: 51 64 101 102 103 104 105 106 
106: 174 188 189 190 191 192 
107: 453 454 
108: 8 455 456 457 458 
109: 93 174 239 459 460 461 
110: 45 132 374 462 463 464 
111: 465 466 467 468 
112: 45 136 253 469 470 471 472 
113: 36 79 473 474 475 
114: 188 476 477 478 479 480 481 482 483 
115: 76 484 485 
116: 8 486 487 488 
117: 489 490 491 492 493 494 495 496 
118: 76 107 108 109 110 111 112 113 
119: 35 180 181 182 183 184 185 186 187 
120: 26 185 385 497 498 499 
121: 3 124 150 242 500 501 
122: 502 503 504 505 
123: 506 507 508 509 510 511 
124: 13 512 513 514 515 516 517 
125: 47 55 263 518 519 520 
126: 33 45 178 521 522 
127: 174 176 188 204 419 523 524 525 526 
128: 8 235 236 527 528 529 530 
129: 45 341 363 531 532 533 534 
130: 51 126 128 129 535 536 537 538 539 540 
131: 251 354 541 542 
132: 13 27 52 392 543 544 545 546 547 
133: 51 482 548 549 550 551 552 
134: 55 94 119 272 553 554 555 
135: 51 79 80 548 556 557 558 559 
136: 36 506 560 561 562 563 564 565 
137: 45 309 399 566 567 568 569 570 571 
138: 55 105 191 228 272 572 573 
139: 36 51 105 188 216 548 574 575 576 
140: 3 54 66 92 174 214 293 577 578 579 
141: 8 44 185 309 580 581 582 583 584 585 
142: 55 76 258 381 586 587 588 589 590 591 
143: 27 76 174 592 593 594 
144: 26 55 76 255 280 435 595 
145: 596 597 598 599 600 
146: 5 55 304 361 601 602 603 604 
147: 55 218 414 605 606 607 608 609 610 
148: 6 8 36 51 191 320 611 612 613 614 615 
149: 51 215 548 551 616 617 618 619 
150: 8 55 421 620 621 622 623 624 
151: 36 55 182 309 381 625 626 627 628 629 
152: 13 27 52 392 543 544 545 546 547 
153: 45 174 630 631 632 633 634 635 
154: 13 36 548 587 636 637 638 639 640 
155: 45 78 174 239 630 641 642 643 644 645 
156: 79 214 646 647 648 649 650 651 
157: 27 78 174 652 653 654 655 
158: 45 51 79 174 548 632 656 657 658 659 
159: 36 55 105 146 660 661 662 663 664 
160: 118 174 214 468 665 666 667 
161: 13 45 55 188 216 283 292 668 669 670 671 672 673 674 
162: 13 45 55 80 234 630 656 675 676 677 678 
163: 19 185 218 679 680 681 
164: 8 35 174 191 682 683 684 685 686 
165: 51 61 66 214 218 687 688 689 
166: 36 45 576 662 690 691 692 693 
167: 3 694 695 696 697 698 
168: 55 76 699 700 701 702 703 
169: 45 51 55 704 705 706 707 708 709 710 711 712 
170: 55 80 224 486 591 626 713 
171: 191 714 715 
172: 47 716 717 718 719 720 721 
173: 47 721 722 723 724 725 
174: 55 128 129 726 727 728 
175: 8 52 79 468 729 730 731 732 
176: 8 733 734 735 736 737 
177: 36 51 738 739 740 741 742 
178: 55 743 744 745 746 747 748 
179: 146 224 749 750 751 752 753 
180: 36 754 755 756 757 758 
181: 146 621 759 760 761 762 
182: 45 755 763 764 765 766 767 768 
183: 51 174 769 770 771 772 773 774 
184: 45 515 775 776 777 778 779 
185: 36 214 780 781 782 783 
186: 492 784 785 786 
187: 51 309 687 787 788 789 
188: 790 791 792 793 794 
189: 136 795 796 797 798 
190: 51 754 799 800 801 802 
191: 55 595 803 804 805 
192: 45 806 807 808 809 810 
193: 811 812 813 
194: 814 815 816 817 818 819 820 
195: 36 51 821 822 823 824 
196: 55 249 591 713 825 826 
197: 807 827 828 829 
198: 19 55 176 830 831 
199: 26 826 832 833 834 
200: 45 674 835 836 837 838 839 
201: 51 282 548 678 840 841 842 
202: 27 44 45 182 843 844 845 846 
203: 50 90 847 848 
204: 3 16 630 849 850 851 
205: 8 19 490 496 852 853 854 
206: 368 735 754 802 855 856 857 
207: 45 812 813 858 859 860 
208: 136 795 796 797 798 861 862 
209: 55 66 368 495 863 864 
210: 92 300 378 865 866 867 
211: 51 80 214 309 687 868 869 870 
212: 36 51 103 718 758 871 872 873 
213: 45 790 792 794 874 875 
214: 306 307 876 877 878 879 
215: 478 880 881 882 883 884 
216: 51 52 182 814 885 886 887 888 
217: 52 719 722 724 889 
218: 8 19 321 735 890 891 892 
219: 51 134 713 893 894 895 
220: 26 51 826 833 834 896 897 898 
221: 36 60 290 399 850 899 900 901 902 
222: 27 44 45 182 844 845 846 903 
223: 226 904 905 906 907 908 909 910 
224: 136 174 185 789 810 839 911 912 913 914 
225: 185 188 915 916 917 918 919 
226: 50 55 90 847 848 920 
227: 51 55 822 823 921 922 923 
228: 884 924 925 
229: 8 173 926 927 928 929 
230: 130 930 931 932 933 
231: 3 814 815 900 934 935 
232: 936 937 938 939 
233: 156 478 940 941 942 943 
234: 55 944 945 946 947 
235: 948 949 950 951 
236: 8 784 952 953 954 
237: 51 724 733 955 956 957 958 
238: 16 120 959 960 961 
239: 16 55 79 849 850 962 
240: 225 963 964 965 966 
241: 759 807 967 968 
242: 478 884 969 970 971 
243: 50 90 170 972 
244: 81 130 282 392 468 678 841 
245: 94 300 681 973 974 
246: 311 468 657 670 975 976 977 978 979 
247: 27 55 136 606 911 979 980 981 982 983 984 985 
248: 52 76 350 385 593 630 675 979 986 987 
249: 27 45 76 174 979 988 989 990 991 992 993 994 995 996 
250: 27 55 755 979 997 998 999 1000 1001 
251: 51 55 79 105 548 979 1002 1003 
252: 8 12 201 209 468 551 979 1004 1005 
253: 80 209 283 320 590 979 1003 1006 1007 1008 1009 
254: 36 51 495 548 979 1010 1011 1012 1013 1014 
255: 16 36 979 1015 1016 1017 1018 
256: 45 94 311 670 976 977 979 1019 1020 
257: 45 174 979 1021 1022 1023 1024 1025 1026 
258: 13 51 55 79 118 320 842 979 1027 1028 1029 
259: 13 36 551 552 562 979 1030 
260: 13 51 55 80 320 548 630 641 979 1031 1032 
261: 13 27 79 118 272 515 979 1033 1034 1035 1036 
262: 52 76 350 385 593 630 675 979 986 987 
263: 45 78 182 320 630 641 642 979 1037 1038 
264: 36 51 55 548 630 979 1019 1039 1040 1041 
265: 27 35 55 174 188 262 292 688 979 1042 1043 1044 1045 
266: 27 47 55 174 909 979 1046 1047 1048 1049 1050 
267: 36 47 55 166 188 712 979 1051 1052 1053 1054 1055 1056 1057 
268: 51 185 853 979 1051 1058 1059 1060 1061 
269: 27 35 45 76 979 1062 1063 1064 1065 
270: 8 27 898 979 1033 1066 1067 1068 1069 
271: 13 27 51 134 137 174 452 512 979 1070 1071 1072 1073 1074 
272: 88 176 182 452 681 979 1075 1076 1077 
273: 174 361 393 534 979 1078 1079 1080 1081 
274: 3 979 1082 1083 1084 1085 1086 
275: 27 55 174 188 577 979 1087 1088 1089 
276: 45 80 268 354 979 1090 1091 1092 1093 1094 
277: 47 979 1087 1094 1095 1096 1097 
278: 174 191 979 1098 1099 1100 1101 
279: 268 979 1007 1008 1098 1102 1103 1104 
280: 413 672 979 1105 1106 1107 
281: 55 81 215 482 691 979 1107 1108 1109 1110 
282: 45 753 871 979 1111 1112 1113 
283: 188 304 900 979 1111 1114 1115 1116 
284: 79 81 105 979 1003 1117 
285: 55 81 174 293 509 803 979 1118 
286: 81 105 120 209 306 630 979 1002 1119 1120 1121 1122 
287: 36 45 320 618 979 1108 1123 1124 
288: 473 486 979 1125 1126 
289: 8 146 645 979 1125 1126 1127 1128 1129 1130 
290: 55 174 496 979 1036 1125 1131 1132 
291: 45 52 979 1133 1134 1135 1136 1137 1138 
292: 139 309 438 789 979 1137 1139 1140 1141 1142 
293: 61 88 139 979 1137 1140 1143 1144 
294: 8 168 320 473 636 979 1102 1145 1146 1147 
295: 8 174 586 603 979 1098 1148 1149 1150 
296: 45 799 802 979 1009 1022 1151 1152 1153 
297: 45 586 799 829 979 1022 1098 1152 1154 
298: 47 979 1155 1156 1157 1158 1159 1160 
299: 45 435 791 972 979 1155 1161 
300: 27 738 979 1155 1162 1163 1164 1165 
301: 8 55 80 118 275 979 1166 1167 1168 
302: 45 118 515 900 979 1113 1168 1169 1170 
303: 36 118 468 856 979 1171 1172 
304: 3 55 414 605 621 979 1173 1174 1175 1176 
305: 3 290 605 979 1175 1176 1177 1178 
306: 3 55 605 979 1175 1176 1179 1180 
307: 91 185 554 859 911 979 1181 1182 1183 1184 
308: 55 209 290 811 979 1184 1185 1186 1187 1188 
309: 512 979 1181 1189 1190 1191 
310: 176 551 552 979 1192 1193 1194 1195 
311: 55 476 551 552 979 1137 1196 1197 1198 1199 
312: 19 94 320 551 552 979 1200 1201 1202 1203 
313: 979 1158 1204 1205 1206 1207 1208 
314: 76 181 979 1204 1207 1209 1210 
315: 55 81 120 591 979 1120 1211 1212 
316: 55 81 228 509 591 979 1211 1213 1214 
317: 174 461 468 574 979 1215 1216 1217 
318: 522 574 979 1218 1219 1220 1221 
319: 51 309 979 1222 1223 1224 1225 
320: 13 36 56 80 979 1226 1227 1228 1229 1230 
321: 51 383 979 1228 1231 1232 1233 1234 
322: 16 48 979 1040 1235 1236 
323: 45 47 78 979 1237 1238 1239 1240 1241 1242 
324: 88 399 517 979 1104 1143 1243 1244 
325: 174 198 979 1245 1246 1247 1248 1249 
326: 214 306 979 1246 1250 1251 1252 1253 1254 
327: 36 979 1165 1175 1246 1255 1256 
328: 174 979 1257 1258 1259 1260 
329: 36 689 979 1261 1262 1263 
330: 8 52 92 104 979 1261 1264 1265 1266 
331: 8 27 92 181 979 1118 1267 1268 1269 1270 
332: 92 106 979 1269 1271 1272 1273 1274 
333: 797 979 1275 1276 1277 1278 1279 1280 
334: 45 748 979 1276 1277 1281 1282 1283 1284 1285 
335: 979 1275 1276 1283 1286 1287 
336: 236 245 979 1033 1288 1289 
337: 27 47 62 245 289 979 
338: 44 45 136 235 979 1090 1290 1291 1292 1293 1294 
339: 138 146 636 979 1295 1296 1297 1298 
340: 13 138 235 979 1044 1293 1298 1299 1300 
341: 45 470 789 900 979 1301 1302 1303 
342: 470 789 979 1302 1304 1305 
343: 235 979 1293 1306 1307 1308 1309 1310 
344: 45 979 1311 1312 
345: 8 209 495 808 979 1313 1314 1315 1316 
346: 529 808 979 1317 1318 
347: 27 55 188 289 979 1319 
348: 45 235 672 900 979 1167 1295 1320 1321 
349: 235 979 1075 1322 1323 1324 1325 1326 
350: 36 118 463 564 565 979 1327 
351: 55 209 564 979 1264 1328 1329 1330 
352: 118 248 361 564 888 979 1033 1331 1332 
353: 13 198 399 979 1076 1333 1334 1335 1336 
354: 8 44 45 396 979 1334 1335 1337 1338 1339 1340 
355: 721 975 979 1341 1342 1343 1344 1345 
356: 19 176 235 543 979 1346 1347 
357: 36 564 979 1262 1348 1349 1350 1351 
358: 55 214 979 1272 1352 1353 
359: 8 979 1256 1353 1354 1355 1356 
360: 27 36 979 1357 1358 1359 1360 1361 
361: 104 979 1362 1363 1364 1365 
362: 19 106 215 979 1008 1075 1366 1367 
363: 51 273 564 772 979 1368 1369 
364: 22 52 55 134 772 979 1370 1371 1372 
365: 22 309 979 1325 1335 1369 1373 1374 
366: 8 45 463 979 1375 1376 1377 1378 1379 1380 1381 1382 
367: 44 45 52 80 181 214 979 1369 1383 1384 1385 1386 
368: 174 304 340 551 979 1387 1388 1389 
369: 8 146 293 730 979 1390 1391 1392 1393 
370: 51 162 164 168 174 979 1394 1395 1396 
371: 55 79 118 218 657 979 1033 1085 1397 
372: 13 36 78 188 617 979 1398 1399 1400 1401 1402 
373: 45 490 493 979 1102 1218 1403 1404 
374: 36 80 979 1405 1406 1407 1408 1409 
375: 979 1410 1411 1412 1413 1414 
376: 8 419 422 423 979 1415 
377: 341 363 452 979 1416 1417 1418 1419 
378: 188 719 942 979 1420 
379: 47 262 979 1421 1422 1423 1424 1425 1426 1427 
380: 674 979 1428 1429 1430 1431 
381: 136 150 151 152 979 1432 
382: 45 47 59 913 979 1433 1434 1435 1436 1437 
383: 55 979 1438 1439 1440 1441 1442 
384: 45 55 188 979 1443 1444 1445 1446 
385: 51 182 309 360 761 979 1447 1448 1449 
386: 55 229 979 1194 1450 1451 1452 
387: 735 979 1453 1454 1455 1456 
388: 55 979 1457 1458 1459 
389: 403 979 1460 1461 1462 
390: 3 55 188 275 979 1463 1464 1465 1466 1467 1468 1469 
391: 36 262 979 1039 1470 1471 1472 
392: 979 987 1331 1473 1474 1475 1476 
393: 45 933 979 1477 1478 1479 1480 1481 
394: 19 341 979 1201 1482 1483 1484 
395: 51 155 188 777 950 979 1485 
396: 51 83 103 338 979 1486 1487 
397: 8 716 979 1067 1488 1489 
398: 27 56 326 979 1490 1491 1492 
399: 188 755 979 1345 1493 1494 1495 1496 1497 1498 
400: 27 954 979 987 1499 1500 1501 1502 1503 
401: 45 979 1504 1505 1506 1507 1508 
402: 51 403 979 1509 1510 1511 1512 1513 
403: 55 185 335 880 979 1514 1515 1516 1517 
404: 8 979 1336 1518 1519 1520 
405: 3 293 504 979 1521 1522 1523 
406: 2 129 979 1524 1525 1526 1527 
407: 51 120 228 548 979 1141 1528 1529 
408: 51 304 434 682 942 979 1530 
409: 185 268 979 1212 1531 
410: 51 356 839 979 1137 1532 1533 
411: 44 88 396 979 1534 1535 1536 1537 
412: 51 52 548 724 958 979 1538 
413: 188 301 721 979 1098 1539 1540 
414: 174 512 979 1541 1542 1543 1544 
415: 27 57 174 979 1545 1546 1547 1548 
416: 76 397 900 979 1549 1550 1551 1552 
417: 174 188 979 987 1451 1553 1554 
418: 51 310 672 823 979 1555 1556 
419: 174 325 545 979 1557 1558 1559 
420: 979 1132 1560 1561 1562 1563 1564 
421: 45 55 228 813 911 979 1565 1566 1567 
422: 13 674 979 1568 1569 1570 1571 
423: 3 332 979 1572 1573 1574 
424: 55 79 81 174 320 979 1528 1575 1576 1577 
425: 979 1578 1579 1580 
426: 3 51 458 979 1581 1582 1583 1584 
427: 36 155 900 979 1040 1479 1585 1586 
428: 979 1587 1588 1589 1590 1591 
429: 678 979 1514 1592 1593 1594 1595 
430: 45 51 548 630 979 1135 1596 
431: 979 1112 1140 1597 1598 
432: 188 979 1397 1482 1599 1600 
433: 92 383 979 1007 1601 
434: 8 979 1602 1603 1604 
435: 36 79 649 979 1392 1605 1606 1607 
436: 36 45 633 979 1392 1608 1609 
437: 209 551 552 618 979 1102 1407 1610 1611 
438: 174 979 1397 1612 1613 1614 1615 1616 1617 
439: 47 689 979 1075 1148 1618 1619 1620 
440: 45 306 438 979 1102 1621 
441: 3 587 979 1622 1623 1624 
442: 8 78 979 1625 1626 1627 1628 
443: 8 27 274 979 1050 1629 1630 1631 
444: 979 1132 1204 1560 1561 1632 1633 1634 
445: 51 57 799 979 1509 1545 1635 
446: 8 140 309 584 956 979 1636 1637 1638 
447: 314 979 1639 1640 1641 1642 
448: 8 27 236 979 1033 1643 1644 1645 
449: 8 51 548 630 979 1422 1596 1646 
450: 3 626 979 1090 1647 1648 1649 
451: 61 104 214 979 1650 1651 
452: 979 1652 1653 1654 
453: 979 1655 1656 1657 1658 
454: 414 586 979 1406 1407 1659 
455: 45 120 979 1594 1660 1661 1662 1663 
456: 3 76 979 997 1322 1664 1665 1666 1667 
457: 47 932 933 979 1668 1669 1670 
458: 55 251 979 1295 1671 
459: 51 334 979 1672 1673 
460: 174 557 672 979 1674 1675 1676 1677 
461: 195 381 478 979 1678 1679 
462: 55 979 1110 1676 1680 1681 1682 
463: 188 979 1345 1497 1498 
464: 787 979 1683 1684 1685 
465: 172 362 760 789 979 1201 1686 1687 
466: 267 508 829 979 1367 1688 1689 
467: 174 819 979 1690 1691 
468: 36 353 979 1108 1437 1692 1693 1694 1695 
469: 51 309 979 1098 1338 1636 1696 1697 
470: 27 789 979 1698 1699 1700 
471: 8 94 979 1701 1702 1703 
472: 724 958 979 1704 1705 
473: 51 55 548 900 979 1706 1707 1708 1709 
474: 47 76 79 320 979 1710 1711 1712 
475: 174 188 979 1713 1714 1715 
476: 966 979 1716 1717 1718 1719 
477: 35 51 55 979 1440 1720 1721 1722 
478: 55 176 831 979 1723 
479: 45 979 1724 1725 1726 1727 1728 
480: 62 320 979 1729 
481: 91 918 979 1730 1731 1732 1733 1734 
482: 724 958 979 1704 1705 
483: 3 593 979 1573 
484: 131 972 979 1157 1723 
485: 8 28 94 681 979 1371 1411 1701 1735 
486: 51 65 979 1033 1575 1736 1737 1738 
487: 807 979 1739 1740 
488: 623 624 774 979 1023 1372 1741 1742 
489: 44 396 551 552 979 1743 
490: 51 55 118 979 1744 1745 1746 
491: 33 51 979 1705 1747 1748 1749 
492: 3 281 392 979 1412 1631 1722 1750 
493: 27 80 979 1051 1569 1689 1751 1752 
494: 166 176 249 361 979 1753 1754 1755 1756 
495: 258 979 1757 1758 1759 1760 1761 
496: 47 224 235 979 1293 1762 
497: 8 979 1467 1763 1764 1765 1766 
498: 52 309 794 918 979 1767 1768 1769 1770 1771 
499: 16 45 185 745 900 979 1514 1516 1772 1773 
500: 634 789 979 1774 1775 1776 
501: 44 51 176 979 1296 1479 1777 1778 
502: 78 130 290 468 962 979 1779 
503: 811 979 1542 1780 1781 
504: 36 55 320 656 841 979 1120 1782 
505: 237 397 979 1484 1602 1783 
506: 3 47 51 548 641 979 1404 1784 
507: 8 36 61 630 645 979 1785 1786 1787 
508: 36 140 174 188 256 320 416 979 1615 
509: 36 91 388 979 1788 1789 1790 1791 
510: 691 979 1792 1793 1794 1795 
511: 6 68 979 1364 1796 1797 1798 
512: 209 513 979 1027 1033 1799 1800 1801 1802 
513: 51 979 1112 1803 1804 
514: 65 962 979 1805 1806 1807 1808 
515: 36 871 979 1809 1810 1811 1812 
516: 394 979 1813 1814 1815 
517: 689 912 979 1269 1816 1817 1818 1819 
518: 66 104 106 174 214 979 1265 1820 1821 1822 
519: 45 47 979 1210 1823 1824 1825 
520: 27 45 249 979 1371 1752 1826 1827 
521: 174 185 979 1535 1675 1676 1828 
522: 52 131 873 979 1829 1830 1831 
523: 76 174 188 979 1051 1501 1832 
524: 979 1486 1833 1834 1835 1836 
525: 8 28 44 104 309 979 1371 1650 
526: 51 149 778 901 979 1551 1837 1838 
527: 51 355 979 1118 1690 1839 
528: 979 1104 1168 1579 1840 
529: 78 236 871 979 1121 1645 
530: 327 979 1841 1842 1843 
531: 51 396 672 909 979 1844 1845 1846 1847 
532: 653 979 987 1451 
533: 55 130 304 547 979 1848 1849 1850 
534: 36 104 106 188 912 979 1651 1701 1851 
535: 218 446 719 979 1852 1853 1854 1855 
536: 51 174 211 458 979 1400 1581 1584 1856 1857 
537: 27 979 1159 1700 1858 1859 
538: 36 79 979 1171 1723 1860 1861 
539: 3 979 1221 1862 1863 1864 
540: 8 28 476 979 1865 1866 1867 
541: 185 674 979 1868 1869 1870 1871 1872 
542: 91 784 979 1873 1874 
543: 45 188 672 979 1847 1875 1876 1877 1878 
544: 13 55 979 1702 1786 1879 1880 1881 
545: 3 45 51 68 188 300 979 1882 1883 
546: 799 979 1464 1884 1885 1886 
547: 52 361 979 1709 1887 1888 
548: 209 979 1569 1648 1858 1889 
549: 27 174 858 979 1670 1890 
550: 8 762 979 1649 1891 1892 
551: 5 55 639 979 1104 1893 
552: 495 537 671 979 1108 1576 1894 
553: 979 1113 1895 1896 1897 1898 
554: 51 777 979 1899 1900 1901 
555: 3 218 626 979 1090 1648 1649 1902 1903 
556: 55 663 979 1645 1904 1905 1906 1907 
557: 27 515 850 979 1501 1502 1908 1909 1910 1911 
558: 942 979 1523 1912 1913 1914 
559: 46 762 979 1320 1915 
560: 24 45 463 516 979 1150 1916 1917 
561: 198 301 979 1248 1918 1919 1920 
562: 55 57 979 1534 1545 1567 1921 1922 
563: 198 979 1248 1249 1923 1924 1925 
564: 45 108 979 1195 1371 1830 
565: 8 45 526 979 1926 1927 1928 1929 
566: 551 552 979 1102 1611 1930 1931 
567: 829 979 1932 1933 1934 1935 
568: 979 1936 1937 1938 1939 
569: 51 54 57 161 979 1534 1545 1940 
570: 55 627 979 1941 1942 1943 
571: 8 469 979 1559 1944 1945 1946 
572: 55 68 724 958 979 1947 1948 
573: 399 528 671 979 1949 1950 
574: 414 670 976 979 1951 1952 
575: 784 979 1873 1953 1954 
576: 27 55 979 1955 1956 1957 1958 
577: 45 52 618 619 979 1098 1107 
578: 45 304 324 979 1868 1959 1960 1961 
579: 721 979 1756 1962 1963 1964 1965 
580: 853 979 1274 1803 1966 
581: 979 1346 1622 1859 1967 
582: 8 13 28 66 104 214 979 1371 1650 
583: 218 979 988 1395 1968 1969 
584: 55 393 459 979 1970 1971 1972 
585: 305 979 1632 1744 1936 
586: 51 205 214 216 979 1004 1973 1974 
587: 130 209 242 719 979 1526 1676 1975 
588: 182 628 774 979 1976 1977 1978 1979 
589: 45 979 1258 1259 1263 1298 1980 
590: 51 462 548 587 979 1147 1981 1982 
591: 45 52 80 486 979 1147 1767 1983 1984 
592: 48 55 251 817 979 1009 1120 1782 
593: 209 674 979 1985 1986 1987 
594: 8 321 774 892 979 1723 1988 
595: 45 124 979 1989 1990 1991 
596: 94 617 853 979 1590 1686 1992 1993 1994 1995 1996 1997 1998 
597: 36 61 104 188 214 979 1651 1701 1851 
598: 429 826 979 994 1799 1999 2000 2001 2002 
599: 36 174 470 979 1701 1751 2003 2004 2005 2006 
600: 51 660 754 979 1906 2007 2008 2009 
601: 166 979 2010 2011 2012 2013 
602: 48 368 469 979 1944 2014 
603: 979 1025 1678 2015 2016 2017 
604: 51 55 119 320 548 641 976 979 2018 2019 
605: 45 111 275 321 705 979 1083 1388 1704 
606: 52 79 966 979 1416 1778 
607: 45 52 759 979 1165 2020 2021 2022 
608: 129 979 2023 2024 2025 2026 
609: 552 732 813 979 1120 1242 
610: 55 134 899 979 2027 2028 2029 2030 
611: 13 918 979 1371 2031 2032 2033 2034 
612: 55 355 825 897 979 2035 2036 
613: 19 51 79 548 979 2037 2038 
614: 24 105 185 979 1723 2039 2040 
615: 8 52 55 188 979 2022 2041 2042 2043 2044 
616: 104 106 309 912 979 1265 2045 
617: 8 55 289 577 979 2046 2047 2048 2049 
618: 55 79 979 1700 2050 2051 
619: 5 146 786 979 1732 1953 2052 
620: 16 55 979 1345 1413 2053 2054 2055 
621: 36 724 979 1118 1467 2056 2057 
622: 80 659 979 2058 2059 2060 
623: 3 979 1397 1667 2061 2062 2063 
624: 228 492 759 897 979 2064 2065 2066 
625: 51 702 829 979 1935 2067 2068 2069 
626: 45 55 979 992 1023 1268 2070 2071 2072 
627: 8 36 51 548 593 670 730 976 979 1040 1367 
628: 91 784 979 1873 1874 2073 
629: 8 321 979 1662 2074 
630: 13 45 104 979 1262 1325 1751 2075 
631: 88 195 708 709 979 1077 
632: 290 431 900 979 1738 2076 
633: 979 2077 2078 2079 2080 2081 
634: 55 226 233 979 2082 2083 2084 2085 
635: 8 293 979 2086 2087 2088 
636: 262 286 724 958 979 2089 
637: 427 979 2084 2090 2091 2092 2093 
638: 397 979 1274 1358 1701 2094 
639: 220 979 2095 2096 2097 
640: 51 91 548 784 979 1873 1874 
641: 36 85 134 979 1279 2098 2099 
642: 174 377 979 1199 1909 2100 2101 2102 
643: 8 45 51 118 452 979 1033 1195 1756 2103 2104 
644: 79 130 174 509 979 2105 2106 
645: 36 188 979 1923 1924 2092 2107 2108 2109 
646: 979 2110 2111 2112 
647: 979 1004 1242 2113 2114 2115 
648: 54 146 396 812 979 2081 2091 2116 
649: 51 55 57 405 979 1509 1534 1545 2117 2118 
650: 8 660 979 2119 2120 2121 
651: 414 979 1575 2122 2123 
652: 27 104 188 309 979 1118 1268 1270 1752 2124 
653: 55 979 1859 1936 2125 2126 
654: 45 705 979 1281 1883 2062 
655: 19 176 802 979 2127 2128 2129 
656: 45 55 262 290 309 762 979 2130 2131 
657: 52 55 209 321 897 979 2132 2133 2134 
658: 76 672 755 941 979 1070 1201 2135 
659: 94 817 979 1576 2136 2137 
660: 2 5 784 786 979 2138 2139 2140 
661: 225 774 979 2091 2095 2141 
662: 759 979 1294 1786 2142 2143 
663: 76 188 433 979 2144 2145 
664: 76 551 552 979 1412 2146 2147 
665: 27 51 55 209 948 979 2148 2149 2150 2151 2152 
666: 22 47 979 1201 1371 2153 
667: 88 174 290 979 2033 2154 2155 2156 2157 
668: 27 486 942 979 1630 2158 2159 
669: 21 76 156 979 2160 
670: 8 51 55 336 548 979 1364 2161 2162 2163 
671: 19 44 85 174 309 868 979 1534 2164 
672: 36 51 262 473 979 2165 2166 2167 
673: 2 55 246 880 979 2168 
674: 403 979 2169 2170 2171 2172 
675: 27 47 174 433 979 2173 2174 2175 2176 
676: 979 1132 1560 1561 1632 2177 
677: 136 677 826 979 1100 1220 1594 2178 2179 
678: 36 51 262 473 979 2166 2167 
679: 245 371 979 1256 2084 2180 
680: 91 218 508 979 1616 2181 2182 2183 
681: 716 979 2184 2185 2186 
682: 45 55 174 900 979 1675 1676 2187 
683: 392 397 979 1025 2188 2189 2190 
684: 256 353 464 979 1834 2191 
685: 45 140 421 979 1130 2192 2193 
686: 164 320 618 979 1657 1930 2194 
687: 27 55 455 534 880 979 2009 2106 2195 
688: 27 92 188 245 371 979 1042 1255 1413 
689: 19 853 979 1097 1400 2196 2197 2198 
690: 51 188 979 1075 2199 2200 2201 2202 
691: 55 262 724 958 979 1744 
692: 8 45 191 979 1232 2203 2204 2205 
693: 45 979 1328 2062 2206 2207 
694: 51 262 370 979 1076 2208 2209 2210 2211 
695: 55 979 1137 1138 2212 2213 
696: 177 256 841 979 2214 2215 
697: 36 45 51 548 979 1859 2216 2217 2218 
698: 13 65 174 188 473 918 975 979 1371 1482 2033 2219 2220 2221 2222 
699: 55 262 818 979 1471 2223 2224 2225 
700: 27 45 52 238 245 979 1338 1413 2084 2226 
701: 55 660 735 979 2227 2228 2229 2230 
702: 174 644 813 979 2231 2232 2233 2234 
703: 45 979 1328 1423 2235 2236 
704: 78 275 979 1700 2237 2238 2239 
705: 55 735 979 2240 2241 2242 2243 2244 
706: 17 55 304 547 979 1325 1850 2245 
707: 134 470 979 1828 2246 
708: 13 300 979 1547 2247 2248 2249 
709: 281 979 1279 2165 2250 2251 
710: 8 166 514 979 1050 1201 2252 2253 
711: 8 28 104 106 309 912 979 1052 1603 1701 2254 
712: 93 979 1852 2255 2256 2257 
713: 27 47 68 113 188 290 979 2258 
714: 242 418 979 1579 1676 2259 
715: 5 55 979 2260 2261 2262 2263 
716: 55 778 802 979 1070 1551 1837 2264 
717: 51 188 979 1034 2265 2266 2267 
718: 55 979 2268 2269 2270 2271 
719: 716 979 1489 1988 2272 2273 
720: 61 396 979 1158 1686 1737 2274 
721: 36 45 65 979 1859 2275 2276 2277 
722: 51 54 979 1375 1534 1940 2278 
723: 51 91 979 987 1547 1867 2279 2280 
724: 8 27 979 1311 2281 2282 2283 
725: 8 51 206 733 979 1676 1867 2284 
726: 214 617 979 1704 2285 2286 2287 
727: 55 174 431 913 979 1103 1799 2288 2289 2290 
728: 45 198 214 370 754 979 1914 2291 
729: 52 749 948 979 2148 2149 2151 
730: 80 214 787 979 1364 1959 2292 2293 2294 
731: 979 2295 2296 2297 2298 
732: 8 813 979 2299 2300 2301 2302 2303 
733: 55 979 1511 1866 2304 2305 2306 
734: 155 979 1037 2307 2308 
735: 51 304 370 548 979 1501 2309 2310 
736: 45 51 120 548 979 1121 1184 2311 
737: 5 174 979 1218 2312 2313 2314 2315 
738: 55 228 897 979 1184 2316 
739: 45 71 188 979 2317 2318 2319 2320 
740: 55 275 954 979 1676 2321 
741: 8 55 972 979 1639 1640 1928 
742: 735 979 1412 1414 1822 2322 
743: 36 60 85 146 979 2296 2323 2324 2325 
744: 76 214 979 1081 1130 2326 
745: 164 363 979 1068 2327 2328 2329 
