746
2329
4909
0 0 1
0 1 1
0 2 1
0 3 1
0 4 1
0 5 1
1 6 1
1 7 1
1 8 1
1 9 1
2 5 1
2 10 1
2 11 1
2 12 1
2 13 1
2 14 1
3 15 1
3 16 1
3 17 1
4 18 1
4 19 1
4 20 1
4 21 1
4 22 1
4 23 1
5 24 1
5 25 1
5 26 1
5 27 1
5 28 1
5 29 1
6 13 1
6 30 1
6 31 1
6 32 1
7 33 1
7 34 1
7 35 1
7 36 1
7 37 1
7 38 1
8 39 1
8 40 1
8 41 1
9 39 1
9 42 1
9 43 1
9 44 1
9 45 1
9 46 1
9 47 1
9 48 1
9 49 1
10 3 1
10 39 1
10 50 1
10 51 1
10 52 1
10 53 1
10 54 1
10 55 1
10 56 1
11 45 1
11 51 1
11 57 1
11 58 1
11 59 1
11 60 1
11 61 1
11 62 1
11 63 1
11 64 1
12 28 1
12 55 1
12 65 1
12 66 1
12 67 1
12 68 1
13 28 1
13 69 1
13 70 1
13 71 1
13 72 1
14 73 1
14 74 1
14 75 1
14 76 1
14 77 1
14 78 1
14 79 1
14 80 1
14 81 1
14 82 1
15 28 1
15 44 1
15 45 1
15 83 1
15 84 1
16 8 1
16 28 1
16 50 1
16 51 1
16 52 1
16 85 1
16 86 1
16 87 1
16 88 1
16 89 1
16 90 1
16 91 1
17 28 1
17 51 1
17 55 1
17 92 1
17 93 1
17 94 1
17 95 1
17 96 1
18 27 1
18 73 1
18 97 1
18 98 1
18 99 1
18 100 1
19 51 1
19 64 1
19 101 1
19 102 1
19 103 1
19 104 1
19 105 1
19 106 1
20 76 1
20 107 1
20 108 1
20 109 1
20 110 1
20 111 1
20 112 1
20 113 1
21 14 1
21 55 1
21 114 1
21 115 1
21 116 1
21 117 1
22 55 1
22 79 1
22 118 1
22 119 1
22 120 1
22 121 1
22 122 1
22 123 1
22 124 1
23 45 1
23 125 1
23 126 1
23 127 1
23 128 1
23 129 1
24 130 1
24 131 1
24 132 1
24 133 1
25 48 1
25 134 1
25 135 1
25 136 1
25 137 1
25 138 1
25 139 1
25 140 1
26 45 1
26 141 1
26 142 1
26 143 1
26 144 1
26 145 1
26 146 1
26 147 1
26 148 1
27 2 1
27 149 1
27 150 1
27 151 1
27 152 1
28 153 1
28 154 1
28 155 1
28 156 1
28 157 1
28 158 1
29 55 1
29 117 1
29 159 1
29 160 1
29 161 1
30 45 1
30 162 1
30 163 1
30 164 1
30 165 1
30 166 1
30 167 1
30 168 1
31 8 1
31 169 1
31 170 1
31 171 1
31 172 1
32 55 1
32 173 1
32 174 1
32 175 1
32 176 1
32 177 1
32 178 1
32 179 1
33 35 1
33 180 1
33 181 1
33 182 1
33 183 1
33 184 1
33 185 1
33 186 1
33 187 1
34 174 1
34 188 1
34 189 1
34 190 1
34 191 1
34 192 1
35 35 1
35 36 1
35 37 1
35 186 1
35 193 1
35 194 1
35 195 1
36 55 1
36 79 1
36 81 1
36 82 1
36 196 1
36 197 1
37 3 1
37 134 1
37 198 1
37 199 1
37 200 1
37 201 1
37 202 1
38 45 1
38 79 1
38 136 1
38 203 1
38 204 1
38 205 1
38 206 1
38 207 1
39 208 1
39 209 1
39 210 1
39 211 1
39 212 1
40 174 1
40 213 1
40 214 1
40 215 1
40 216 1
40 217 1
41 36 1
41 174 1
41 188 1
41 218 1
41 219 1
41 220 1
41 221 1
41 222 1
42 3 1
42 223 1
42 224 1
42 225 1
42 226 1
42 227 1
43 55 1
43 79 1
43 81 1
43 120 1
43 228 1
43 229 1
44 19 1
44 66 1
44 214 1
44 230 1
44 231 1
44 232 1
45 45 1
45 233 1
45 234 1
45 235 1
45 236 1
46 93 1
46 237 1
46 238 1
46 239 1
46 240 1
47 45 1
47 234 1
47 241 1
47 242 1
47 243 1
47 244 1
47 245 1
48 27 1
48 55 1
48 246 1
48 247 1
48 248 1
48 249 1
49 36 1
49 119 1
49 250 1
49 251 1
49 252 1
50 45 1
50 52 1
50 136 1
50 253 1
50 254 1
50 255 1
50 256 1
50 257 1
51 55 1
51 188 1
51 258 1
51 259 1
51 260 1
51 261 1
51 262 1
52 36 1
52 56 1
52 172 1
52 174 1
52 188 1
52 263 1
52 264 1
52 265 1
52 266 1
52 267 1
53 70 1
53 78 1
53 124 1
53 136 1
53 247 1
53 268 1
54 55 1
54 174 1
54 228 1
54 269 1
54 270 1
54 271 1
54 272 1
55 273 1
55 274 1
55 275 1
55 276 1
55 277 1
56 8 1
56 273 1
56 278 1
56 279 1
56 280 1
56 281 1
57 55 1
57 188 1
57 258 1
57 259 1
57 260 1
57 261 1
57 262 1
58 45 1
58 233 1
58 234 1
58 235 1
58 236 1
59 55 1
59 250 1
59 251 1
59 282 1
59 283 1
59 284 1
59 285 1
60 146 1
60 224 1
60 235 1
60 286 1
60 287 1
60 288 1
60 289 1
61 17 1
61 55 1
61 76 1
61 79 1
61 290 1
61 291 1
61 292 1
61 293 1
62 55 1
62 188 1
62 273 1
62 294 1
62 295 1
62 296 1
63 97 1
63 216 1
63 297 1
63 298 1
63 299 1
63 300 1
63 301 1
63 302 1
63 303 1
64 175 1
64 304 1
64 305 1
64 306 1
64 307 1
64 308 1
65 18 1
65 22 1
65 55 1
65 309 1
65 310 1
65 311 1
65 312 1
65 313 1
66 125 1
66 126 1
66 314 1
66 315 1
66 316 1
67 137 1
67 138 1
67 139 1
67 317 1
67 318 1
67 319 1
68 51 1
68 163 1
68 320 1
68 321 1
68 322 1
68 323 1
68 324 1
69 8 1
69 111 1
69 155 1
69 325 1
69 326 1
69 327 1
70 8 1
70 245 1
70 309 1
70 328 1
70 329 1
70 330 1
70 331 1
70 332 1
71 8 1
71 137 1
71 307 1
71 333 1
71 334 1
71 335 1
71 336 1
71 337 1
72 8 1
72 51 1
72 83 1
72 138 1
72 139 1
72 338 1
72 339 1
72 340 1
72 341 1
73 76 1
73 209 1
73 342 1
73 343 1
73 344 1
73 345 1
73 346 1
73 347 1
74 174 1
74 188 1
74 268 1
74 348 1
74 349 1
74 350 1
74 351 1
75 55 1
75 117 1
75 352 1
75 353 1
75 354 1
75 355 1
75 356 1
75 357 1
76 5 1
76 317 1
76 358 1
76 359 1
77 27 1
77 35 1
77 52 1
77 55 1
77 360 1
77 361 1
77 362 1
78 45 1
78 363 1
78 364 1
78 365 1
78 366 1
79 174 1
79 290 1
79 367 1
79 368 1
79 369 1
79 370 1
80 13 1
80 245 1
80 371 1
80 372 1
80 373 1
81 210 1
81 290 1
81 374 1
81 375 1
81 376 1
82 44 1
82 45 1
82 48 1
82 55 1
82 377 1
82 378 1
82 379 1
82 380 1
82 381 1
83 382 1
83 383 1
83 384 1
83 385 1
83 386 1
84 51 1
84 387 1
84 388 1
84 389 1
84 390 1
84 391 1
84 392 1
85 103 1
85 174 1
85 242 1
85 273 1
85 393 1
85 394 1
85 395 1
85 396 1
85 397 1
85 398 1
85 399 1
86 55 1
86 138 1
86 139 1
86 317 1
86 400 1
87 175 1
87 304 1
87 305 1
87 306 1
87 401 1
88 391 1
88 402 1
88 403 1
88 404 1
89 76 1
89 405 1
89 406 1
89 407 1
90 45 1
90 55 1
90 124 1
90 408 1
90 409 1
90 410 1
90 411 1
91 8 1
91 412 1
91 413 1
91 414 1
91 415 1
92 8 1
92 150 1
92 151 1
92 416 1
92 417 1
92 418 1
93 8 1
93 419 1
93 420 1
93 421 1
93 422 1
93 423 1
94 36 1
94 424 1
94 425 1
94 426 1
94 427 1
95 146 1
95 174 1
95 375 1
95 428 1
95 429 1
95 430 1
95 431 1
96 18 1
96 22 1
96 55 1
96 309 1
96 310 1
96 311 1
96 312 1
96 313 1
97 81 1
97 140 1
97 432 1
97 433 1
97 434 1
98 181 1
98 435 1
98 436 1
98 437 1
98 438 1
99 116 1
99 439 1
99 440 1
100 55 1
100 114 1
100 116 1
100 117 1
101 441 1
101 442 1
101 443 1
101 444 1
101 445 1
101 446 1
102 13 1
102 41 1
102 188 1
102 447 1
102 448 1
102 449 1
103 35 1
103 36 1
103 37 1
103 73 1
103 450 1
103 451 1
103 452 1
104 48 1
104 134 1
104 135 1
104 136 1
104 137 1
104 138 1
104 139 1
104 140 1
105 51 1
105 64 1
105 101 1
105 102 1
105 103 1
105 104 1
105 105 1
105 106 1
106 174 1
106 188 1
106 189 1
106 190 1
106 191 1
106 192 1
107 453 1
107 454 1
108 8 1
108 455 1
108 456 1
108 457 1
108 458 1
109 93 1
109 174 1
109 239 1
109 459 1
109 460 1
109 461 1
110 45 1
110 132 1
110 374 1
110 462 1
110 463 1
110 464 1
111 465 1
111 466 1
111 467 1
111 468 1
112 45 1
112 136 1
112 253 1
112 469 1
112 470 1
112 471 1
112 472 1
113 36 1
113 79 1
113 473 1
113 474 1
113 475 1
114 188 1
114 476 1
114 477 1
114 478 1
114 479 1
114 480 1
114 481 1
114 482 1
114 483 1
115 76 1
115 484 1
115 485 1
116 8 1
116 486 1
116 487 1
116 488 1
117 489 1
117 490 1
117 491 1
117 492 1
117 493 1
117 494 1
117 495 1
117 496 1
118 76 1
118 107 1
118 108 1
118 109 1
118 110 1
118 111 1
118 112 1
118 113 1
119 35 1
119 180 1
119 181 1
119 182 1
119 183 1
119 184 1
119 185 1
119 186 1
119 187 1
120 26 1
120 185 1
120 385 1
120 497 1
120 498 1
120 499 1
121 3 1
121 124 1
121 150 1
121 242 1
121 500 1
121 501 1
122 502 1
122 503 1
122 504 1
122 505 1
123 506 1
123 507 1
123 508 1
123 509 1
123 510 1
123 511 1
124 13 1
124 512 1
124 513 1
124 514 1
124 515 1
124 516 1
124 517 1
125 47 1
125 55 1
125 263 1
125 518 1
125 519 1
125 520 1
126 33 1
126 45 1
126 178 1
126 521 1
126 522 1
127 174 1
127 176 1
127 188 1
127 204 1
127 419 1
127 523 1
127 524 1
127 525 1
127 526 1
128 8 1
128 235 1
128 236 1
128 527 1
128 528 1
128 529 1
128 530 1
129 45 1
129 341 1
129 363 1
129 531 1
129 532 1
129 533 1
129 534 1
130 51 1
130 126 1
130 128 1
130 129 1
130 535 1
130 536 1
130 537 1
130 538 1
130 539 1
130 540 1
131 251 1
131 354 1
131 541 1
131 542 1
132 13 1
132 27 1
132 52 1
132 392 1
132 543 1
132 544 1
132 545 1
132 546 1
132 547 1
133 51 1
133 482 1
133 548 1
133 549 1
133 550 1
133 551 1
133 552 1
134 55 1
134 94 1
134 119 1
134 272 1
134 553 1
134 554 1
134 555 1
135 51 1
135 79 1
135 80 1
135 548 1
135 556 1
135 557 1
135 558 1
135 559 1
136 36 1
136 506 1
136 560 1
136 561 1
136 562 1
136 563 1
136 564 1
136 565 1
137 45 1
137 309 1
137 399 1
137 566 1
137 567 1
137 568 1
137 569 1
137 570 1
137 571 1
138 55 1
138 105 1
138 191 1
138 228 1
138 272 1
138 572 1
138 573 1
139 36 1
139 51 1
139 105 1
139 188 1
139 216 1
139 548 1
139 574 1
139 575 1
139 576 1
140 3 1
140 54 1
140 66 1
140 92 1
140 174 1
140 214 1
140 293 1
140 577 1
140 578 1
140 579 1
141 8 1
141 44 1
141 185 1
141 309 1
141 580 1
141 581 1
141 582 1
141 583 1
141 584 1
141 585 1
142 55 1
142 76 1
142 258 1
142 381 1
142 586 1
142 587 1
142 588 1
142 589 1
142 590 1
142 591 1
143 27 1
143 76 1
143 174 1
143 592 1
143 593 1
143 594 1
144 26 1
144 55 1
144 76 1
144 255 1
144 280 1
144 435 1
144 595 1
145 596 1
145 597 1
145 598 1
145 599 1
145 600 1
146 5 1
146 55 1
146 304 1
146 361 1
146 601 1
146 602 1
146 603 1
146 604 1
147 55 1
147 218 1
147 414 1
147 605 1
147 606 1
147 607 1
147 608 1
147 609 1
147 610 1
148 6 1
148 8 1
148 36 1
148 51 1
148 191 1
148 320 1
148 611 1
148 612 1
148 613 1
148 614 1
148 615 1
149 51 1
149 215 1
149 548 1
149 551 1
149 616 1
149 617 1
149 618 1
149 619 1
150 8 1
150 55 1
150 421 1
150 620 1
150 621 1
150 622 1
150 623 1
150 624 1
151 36 1
151 55 1
151 182 1
151 309 1
151 381 1
151 625 1
151 626 1
151 627 1
151 628 1
151 629 1
152 13 1
152 27 1
152 52 1
152 392 1
152 543 1
152 544 1
152 545 1
152 546 1
152 547 1
153 45 1
153 174 1
153 630 1
153 631 1
153 632 1
153 633 1
153 634 1
153 635 1
154 13 1
154 36 1
154 548 1
154 587 1
154 636 1
154 637 1
154 638 1
154 639 1
154 640 1
155 45 1
155 78 1
155 174 1
155 239 1
155 630 1
155 641 1
155 642 1
155 643 1
155 644 1
155 645 1
156 79 1
156 214 1
156 646 1
156 647 1
156 648 1
156 649 1
156 650 1
156 651 1
157 27 1
157 78 1
157 174 1
157 652 1
157 653 1
157 654 1
157 655 1
158 45 1
158 51 1
158 79 1
158 174 1
158 548 1
158 632 1
158 656 1
158 657 1
158 658 1
158 659 1
159 36 1
159 55 1
159 105 1
159 146 1
159 660 1
159 661 1
159 662 1
159 663 1
159 664 1
160 118 1
160 174 1
160 214 1
160 468 1
160 665 1
160 666 1
160 667 1
161 13 1
161 45 1
161 55 1
161 188 1
161 216 1
161 283 1
161 292 1
161 668 1
161 669 1
161 670 1
161 671 1
161 672 1
161 673 1
161 674 1
162 13 1
162 45 1
162 55 1
162 80 1
162 234 1
162 630 1
162 656 1
162 675 1
162 676 1
162 677 1
162 678 1
163 19 1
163 185 1
163 218 1
163 679 1
163 680 1
163 681 1
164 8 1
164 35 1
164 174 1
164 191 1
164 682 1
164 683 1
164 684 1
164 685 1
164 686 1
165 51 1
165 61 1
165 66 1
165 214 1
165 218 1
165 687 1
165 688 1
165 689 1
166 36 1
166 45 1
166 576 1
166 662 1
166 690 1
166 691 1
166 692 1
166 693 1
167 3 1
167 694 1
167 695 1
167 696 1
167 697 1
167 698 1
168 55 1
168 76 1
168 699 1
168 700 1
168 701 1
168 702 1
168 703 1
169 45 1
169 51 1
169 55 1
169 704 1
169 705 1
169 706 1
169 707 1
169 708 1
169 709 1
169 710 1
169 711 1
169 712 1
170 55 1
170 80 1
170 224 1
170 486 1
170 591 1
170 626 1
170 713 1
171 191 1
171 714 1
171 715 1
172 47 1
172 716 1
172 717 1
172 718 1
172 719 1
172 720 1
172 721 1
173 47 1
173 721 1
173 722 1
173 723 1
173 724 1
173 725 1
174 55 1
174 128 1
174 129 1
174 726 1
174 727 1
174 728 1
175 8 1
175 52 1
175 79 1
175 468 1
175 729 1
175 730 1
175 731 1
175 732 1
176 8 1
176 733 1
176 734 1
176 735 1
176 736 1
176 737 1
177 36 1
177 51 1
177 738 1
177 739 1
177 740 1
177 741 1
177 742 1
178 55 1
178 743 1
178 744 1
178 745 1
178 746 1
178 747 1
178 748 1
179 146 1
179 224 1
179 749 1
179 750 1
179 751 1
179 752 1
179 753 1
180 36 1
180 754 1
180 755 1
180 756 1
180 757 1
180 758 1
181 146 1
181 621 1
181 759 1
181 760 1
181 761 1
181 762 1
182 45 1
182 755 1
182 763 1
182 764 1
182 765 1
182 766 1
182 767 1
182 768 1
183 51 1
183 174 1
183 769 1
183 770 1
183 771 1
183 772 1
183 773 1
183 774 1
184 45 1
184 515 1
184 775 1
184 776 1
184 777 1
184 778 1
184 779 1
185 36 1
185 214 1
185 780 1
185 781 1
185 782 1
185 783 1
186 492 1
186 784 1
186 785 1
186 786 1
187 51 1
187 309 1
187 687 1
187 787 1
187 788 1
187 789 1
188 790 1
188 791 1
188 792 1
188 793 1
188 794 1
189 136 1
189 795 1
189 796 1
189 797 1
189 798 1
190 51 1
190 754 1
190 799 1
190 800 1
190 801 1
190 802 1
191 55 1
191 595 1
191 803 1
191 804 1
191 805 1
192 45 1
192 806 1
192 807 1
192 808 1
192 809 1
192 810 1
193 811 1
193 812 1
193 813 1
194 814 1
194 815 1
194 816 1
194 817 1
194 818 1
194 819 1
194 820 1
195 36 1
195 51 1
195 821 1
195 822 1
195 823 1
195 824 1
196 55 1
196 249 1
196 591 1
196 713 1
196 825 1
196 826 1
197 807 1
197 827 1
197 828 1
197 829 1
198 19 1
198 55 1
198 176 1
198 830 1
198 831 1
199 26 1
199 826 1
199 832 1
199 833 1
199 834 1
200 45 1
200 674 1
200 835 1
200 836 1
200 837 1
200 838 1
200 839 1
201 51 1
201 282 1
201 548 1
201 678 1
201 840 1
201 841 1
201 842 1
202 27 1
202 44 1
202 45 1
202 182 1
202 843 1
202 844 1
202 845 1
202 846 1
203 50 1
203 90 1
203 847 1
203 848 1
204 3 1
204 16 1
204 630 1
204 849 1
204 850 1
204 851 1
205 8 1
205 19 1
205 490 1
205 496 1
205 852 1
205 853 1
205 854 1
206 368 1
206 735 1
206 754 1
206 802 1
206 855 1
206 856 1
206 857 1
207 45 1
207 812 1
207 813 1
207 858 1
207 859 1
207 860 1
208 136 1
208 795 1
208 796 1
208 797 1
208 798 1
208 861 1
208 862 1
209 55 1
209 66 1
209 368 1
209 495 1
209 863 1
209 864 1
210 92 1
210 300 1
210 378 1
210 865 1
210 866 1
210 867 1
211 51 1
211 80 1
211 214 1
211 309 1
211 687 1
211 868 1
211 869 1
211 870 1
212 36 1
212 51 1
212 103 1
212 718 1
212 758 1
212 871 1
212 872 1
212 873 1
213 45 1
213 790 1
213 792 1
213 794 1
213 874 1
213 875 1
214 306 1
214 307 1
214 876 1
214 877 1
214 878 1
214 879 1
215 478 1
215 880 1
215 881 1
215 882 1
215 883 1
215 884 1
216 51 1
216 52 1
216 182 1
216 814 1
216 885 1
216 886 1
216 887 1
216 888 1
217 52 1
217 719 1
217 722 1
217 724 1
217 889 1
218 8 1
218 19 1
218 321 1
218 735 1
218 890 1
218 891 1
218 892 1
219 51 1
219 134 1
219 713 1
219 893 1
219 894 1
219 895 1
220 26 1
220 51 1
220 826 1
220 833 1
220 834 1
220 896 1
220 897 1
220 898 1
221 36 1
221 60 1
221 290 1
221 399 1
221 850 1
221 899 1
221 900 1
221 901 1
221 902 1
222 27 1
222 44 1
222 45 1
222 182 1
222 844 1
222 845 1
222 846 1
222 903 1
223 226 1
223 904 1
223 905 1
223 906 1
223 907 1
223 908 1
223 909 1
223 910 1
224 136 1
224 174 1
224 185 1
224 789 1
224 810 1
224 839 1
224 911 1
224 912 1
224 913 1
224 914 1
225 185 1
225 188 1
225 915 1
225 916 1
225 917 1
225 918 1
225 919 1
226 50 1
226 55 1
226 90 1
226 847 1
226 848 1
226 920 1
227 51 1
227 55 1
227 822 1
227 823 1
227 921 1
227 922 1
227 923 1
228 884 1
228 924 1
228 925 1
229 8 1
229 173 1
229 926 1
229 927 1
229 928 1
229 929 1
230 130 1
230 930 1
230 931 1
230 932 1
230 933 1
231 3 1
231 814 1
231 815 1
231 900 1
231 934 1
231 935 1
232 936 1
232 937 1
232 938 1
232 939 1
233 156 1
233 478 1
233 940 1
233 941 1
233 942 1
233 943 1
234 55 1
234 944 1
234 945 1
234 946 1
234 947 1
235 948 1
235 949 1
235 950 1
235 951 1
236 8 1
236 784 1
236 952 1
236 953 1
236 954 1
237 51 1
237 724 1
237 733 1
237 955 1
237 956 1
237 957 1
237 958 1
238 16 1
238 120 1
238 959 1
238 960 1
238 961 1
239 16 1
239 55 1
239 79 1
239 849 1
239 850 1
239 962 1
240 225 1
240 963 1
240 964 1
240 965 1
240 966 1
241 759 1
241 807 1
241 967 1
241 968 1
242 478 1
242 884 1
242 969 1
242 970 1
242 971 1
243 50 1
243 90 1
243 170 1
243 972 1
244 81 1
244 130 1
244 282 1
244 392 1
244 468 1
244 678 1
244 841 1
245 94 1
245 300 1
245 681 1
245 973 1
245 974 1
246 311 1
246 468 1
246 657 1
246 670 1
246 975 1
246 976 1
246 977 1
246 978 1
247 27 1
247 55 1
247 136 1
247 606 1
247 911 1
247 979 1
247 980 1
247 981 1
247 982 1
247 983 1
247 984 1
248 52 1
248 76 1
248 350 1
248 385 1
248 593 1
248 630 1
248 675 1
248 985 1
248 986 1
249 27 1
249 45 1
249 76 1
249 174 1
249 987 1
249 988 1
249 989 1
249 990 1
249 991 1
249 992 1
249 993 1
249 994 1
249 995 1
250 27 1
250 55 1
250 755 1
250 996 1
250 997 1
250 998 1
250 999 1
250 1000 1
251 51 1
251 55 1
251 79 1
251 105 1
251 548 1
251 1001 1
251 1002 1
252 8 1
252 12 1
252 201 1
252 209 1
252 468 1
252 551 1
252 1003 1
252 1004 1
253 80 1
253 209 1
253 283 1
253 320 1
253 590 1
253 1002 1
253 1005 1
253 1006 1
253 1007 1
253 1008 1
254 36 1
254 51 1
254 495 1
254 548 1
254 1009 1
254 1010 1
254 1011 1
254 1012 1
254 1013 1
255 16 1
255 36 1
255 1014 1
255 1015 1
255 1016 1
255 1017 1
256 45 1
256 94 1
256 311 1
256 670 1
256 976 1
256 977 1
256 1018 1
256 1019 1
257 45 1
257 174 1
257 1020 1
257 1021 1
257 1022 1
257 1023 1
257 1024 1
257 1025 1
258 13 1
258 51 1
258 55 1
258 79 1
258 118 1
258 320 1
258 842 1
258 1026 1
258 1027 1
258 1028 1
259 13 1
259 36 1
259 551 1
259 552 1
259 562 1
259 1029 1
260 13 1
260 51 1
260 55 1
260 80 1
260 320 1
260 548 1
260 630 1
260 641 1
260 1030 1
260 1031 1
261 13 1
261 27 1
261 79 1
261 118 1
261 272 1
261 515 1
261 1032 1
261 1033 1
261 1034 1
261 1035 1
262 52 1
262 76 1
262 350 1
262 385 1
262 593 1
262 630 1
262 675 1
262 985 1
262 986 1
263 45 1
263 78 1
263 182 1
263 320 1
263 630 1
263 641 1
263 642 1
263 1036 1
263 1037 1
264 36 1
264 51 1
264 55 1
264 548 1
264 630 1
264 1018 1
264 1038 1
264 1039 1
264 1040 1
265 27 1
265 35 1
265 55 1
265 174 1
265 188 1
265 262 1
265 292 1
265 688 1
265 1041 1
265 1042 1
265 1043 1
265 1044 1
266 27 1
266 47 1
266 55 1
266 174 1
266 909 1
266 1045 1
266 1046 1
266 1047 1
266 1048 1
266 1049 1
267 36 1
267 47 1
267 55 1
267 166 1
267 188 1
267 712 1
267 1050 1
267 1051 1
267 1052 1
267 1053 1
267 1054 1
267 1055 1
267 1056 1
268 51 1
268 185 1
268 853 1
268 1050 1
268 1057 1
268 1058 1
268 1059 1
268 1060 1
269 27 1
269 35 1
269 45 1
269 76 1
269 1061 1
269 1062 1
269 1063 1
269 1064 1
270 8 1
270 27 1
270 898 1
270 1032 1
270 1065 1
270 1066 1
270 1067 1
270 1068 1
271 13 1
271 27 1
271 51 1
271 134 1
271 137 1
271 174 1
271 452 1
271 512 1
271 1069 1
271 1070 1
271 1071 1
271 1072 1
271 1073 1
272 88 1
272 176 1
272 182 1
272 452 1
272 681 1
272 1074 1
272 1075 1
272 1076 1
273 174 1
273 361 1
273 393 1
273 534 1
273 1077 1
273 1078 1
273 1079 1
273 1080 1
274 3 1
274 1081 1
274 1082 1
274 1083 1
274 1084 1
274 1085 1
275 27 1
275 55 1
275 174 1
275 188 1
275 577 1
275 1086 1
275 1087 1
275 1088 1
276 45 1
276 80 1
276 268 1
276 354 1
276 1089 1
276 1090 1
276 1091 1
276 1092 1
276 1093 1
277 47 1
277 1086 1
277 1093 1
277 1094 1
277 1095 1
277 1096 1
278 174 1
278 191 1
278 1097 1
278 1098 1
278 1099 1
278 1100 1
279 268 1
279 1006 1
279 1007 1
279 1097 1
279 1101 1
279 1102 1
279 1103 1
280 413 1
280 672 1
280 1104 1
280 1105 1
280 1106 1
281 55 1
281 81 1
281 215 1
281 482 1
281 691 1
281 1106 1
281 1107 1
281 1108 1
281 1109 1
282 45 1
282 753 1
282 871 1
282 1110 1
282 1111 1
282 1112 1
283 188 1
283 304 1
283 900 1
283 1110 1
283 1113 1
283 1114 1
283 1115 1
284 79 1
284 81 1
284 105 1
284 1002 1
284 1116 1
285 55 1
285 81 1
285 174 1
285 293 1
285 509 1
285 803 1
285 1117 1
286 81 1
286 105 1
286 120 1
286 209 1
286 306 1
286 630 1
286 1001 1
286 1118 1
286 1119 1
286 1120 1
286 1121 1
287 36 1
287 45 1
287 320 1
287 618 1
287 1107 1
287 1122 1
287 1123 1
288 473 1
288 486 1
288 1124 1
288 1125 1
289 8 1
289 146 1
289 645 1
289 1124 1
289 1125 1
289 1126 1
289 1127 1
289 1128 1
289 1129 1
290 55 1
290 174 1
290 496 1
290 1035 1
290 1124 1
290 1130 1
290 1131 1
291 45 1
291 52 1
291 1132 1
291 1133 1
291 1134 1
291 1135 1
291 1136 1
291 1137 1
292 139 1
292 309 1
292 438 1
292 789 1
292 1136 1
292 1138 1
292 1139 1
292 1140 1
292 1141 1
293 61 1
293 88 1
293 139 1
293 1136 1
293 1139 1
293 1142 1
293 1143 1
294 8 1
294 168 1
294 320 1
294 473 1
294 636 1
294 1101 1
294 1144 1
294 1145 1
294 1146 1
295 8 1
295 174 1
295 586 1
295 603 1
295 1097 1
295 1147 1
295 1148 1
295 1149 1
296 45 1
296 799 1
296 802 1
296 1008 1
296 1021 1
296 1150 1
296 1151 1
296 1152 1
297 45 1
297 586 1
297 799 1
297 829 1
297 1021 1
297 1097 1
297 1151 1
297 1153 1
298 47 1
298 1154 1
298 1155 1
298 1156 1
298 1157 1
298 1158 1
298 1159 1
299 45 1
299 435 1
299 791 1
299 972 1
299 1154 1
299 1160 1
300 27 1
300 738 1
300 1154 1
300 1161 1
300 1162 1
300 1163 1
300 1164 1
301 8 1
301 55 1
301 80 1
301 118 1
301 275 1
301 1165 1
301 1166 1
301 1167 1
302 45 1
302 118 1
302 515 1
302 900 1
302 1112 1
302 1167 1
302 1168 1
302 1169 1
303 36 1
303 118 1
303 468 1
303 856 1
303 1170 1
303 1171 1
304 3 1
304 55 1
304 414 1
304 605 1
304 621 1
304 1172 1
304 1173 1
304 1174 1
304 1175 1
305 3 1
305 290 1
305 605 1
305 1174 1
305 1175 1
305 1176 1
305 1177 1
306 3 1
306 55 1
306 605 1
306 1174 1
306 1175 1
306 1178 1
306 1179 1
307 91 1
307 185 1
307 554 1
307 859 1
307 911 1
307 1180 1
307 1181 1
307 1182 1
307 1183 1
308 55 1
308 209 1
308 290 1
308 811 1
308 1183 1
308 1184 1
308 1185 1
308 1186 1
308 1187 1
309 512 1
309 1180 1
309 1188 1
309 1189 1
309 1190 1
310 176 1
310 551 1
310 552 1
310 1191 1
310 1192 1
310 1193 1
310 1194 1
311 55 1
311 476 1
311 551 1
311 552 1
311 1136 1
311 1195 1
311 1196 1
311 1197 1
311 1198 1
312 19 1
312 94 1
312 320 1
312 551 1
312 552 1
312 1199 1
312 1200 1
312 1201 1
312 1202 1
313 1157 1
313 1203 1
313 1204 1
313 1205 1
313 1206 1
313 1207 1
314 76 1
314 181 1
314 1203 1
314 1206 1
314 1208 1
314 1209 1
315 55 1
315 81 1
315 120 1
315 591 1
315 1119 1
315 1210 1
315 1211 1
316 55 1
316 81 1
316 228 1
316 509 1
316 591 1
316 1210 1
316 1212 1
316 1213 1
317 174 1
317 461 1
317 468 1
317 574 1
317 1214 1
317 1215 1
317 1216 1
318 522 1
318 574 1
318 1217 1
318 1218 1
318 1219 1
318 1220 1
319 51 1
319 309 1
319 1221 1
319 1222 1
319 1223 1
319 1224 1
320 13 1
320 36 1
320 56 1
320 80 1
320 1225 1
320 1226 1
320 1227 1
320 1228 1
320 1229 1
321 51 1
321 383 1
321 1227 1
321 1230 1
321 1231 1
321 1232 1
321 1233 1
322 16 1
322 48 1
322 1039 1
322 1234 1
322 1235 1
323 45 1
323 47 1
323 78 1
323 1236 1
323 1237 1
323 1238 1
323 1239 1
323 1240 1
323 1241 1
324 88 1
324 399 1
324 517 1
324 1103 1
324 1142 1
324 1242 1
324 1243 1
325 174 1
325 198 1
325 1244 1
325 1245 1
325 1246 1
325 1247 1
325 1248 1
326 214 1
326 306 1
326 1245 1
326 1249 1
326 1250 1
326 1251 1
326 1252 1
326 1253 1
327 36 1
327 1164 1
327 1174 1
327 1245 1
327 1254 1
327 1255 1
328 174 1
328 1256 1
328 1257 1
328 1258 1
328 1259 1
329 36 1
329 689 1
329 1260 1
329 1261 1
329 1262 1
330 8 1
330 52 1
330 92 1
330 104 1
330 1260 1
330 1263 1
330 1264 1
330 1265 1
331 8 1
331 27 1
331 92 1
331 181 1
331 1117 1
331 1266 1
331 1267 1
331 1268 1
331 1269 1
332 92 1
332 106 1
332 1268 1
332 1270 1
332 1271 1
332 1272 1
332 1273 1
333 797 1
333 1274 1
333 1275 1
333 1276 1
333 1277 1
333 1278 1
333 1279 1
334 45 1
334 748 1
334 1275 1
334 1276 1
334 1280 1
334 1281 1
334 1282 1
334 1283 1
334 1284 1
335 1274 1
335 1275 1
335 1282 1
335 1285 1
335 1286 1
336 236 1
336 245 1
336 1032 1
336 1287 1
336 1288 1
337 27 1
337 47 1
337 62 1
337 245 1
337 289 1
338 44 1
338 45 1
338 136 1
338 235 1
338 1089 1
338 1289 1
338 1290 1
338 1291 1
338 1292 1
338 1293 1
339 138 1
339 146 1
339 636 1
339 1294 1
339 1295 1
339 1296 1
339 1297 1
340 13 1
340 138 1
340 235 1
340 1043 1
340 1292 1
340 1297 1
340 1298 1
340 1299 1
341 45 1
341 470 1
341 789 1
341 900 1
341 1300 1
341 1301 1
341 1302 1
342 470 1
342 789 1
342 1301 1
342 1303 1
342 1304 1
343 235 1
343 1292 1
343 1305 1
343 1306 1
343 1307 1
343 1308 1
343 1309 1
344 45 1
344 1310 1
344 1311 1
345 8 1
345 209 1
345 495 1
345 808 1
345 1312 1
345 1313 1
345 1314 1
345 1315 1
346 529 1
346 808 1
346 1316 1
346 1317 1
347 27 1
347 55 1
347 188 1
347 289 1
347 1318 1
348 45 1
348 235 1
348 672 1
348 900 1
348 1166 1
348 1294 1
348 1319 1
348 1320 1
349 235 1
349 1074 1
349 1321 1
349 1322 1
349 1323 1
349 1324 1
349 1325 1
350 36 1
350 118 1
350 463 1
350 564 1
350 565 1
350 1326 1
351 55 1
351 209 1
351 564 1
351 1263 1
351 1327 1
351 1328 1
351 1329 1
352 118 1
352 248 1
352 361 1
352 564 1
352 888 1
352 1032 1
352 1330 1
352 1331 1
353 13 1
353 198 1
353 399 1
353 1075 1
353 1332 1
353 1333 1
353 1334 1
353 1335 1
354 8 1
354 44 1
354 45 1
354 396 1
354 1333 1
354 1334 1
354 1336 1
354 1337 1
354 1338 1
354 1339 1
355 721 1
355 975 1
355 1340 1
355 1341 1
355 1342 1
355 1343 1
355 1344 1
356 19 1
356 176 1
356 235 1
356 543 1
356 1345 1
356 1346 1
357 36 1
357 564 1
357 1261 1
357 1347 1
357 1348 1
357 1349 1
357 1350 1
358 55 1
358 214 1
358 1271 1
358 1351 1
358 1352 1
359 8 1
359 1255 1
359 1352 1
359 1353 1
359 1354 1
359 1355 1
360 27 1
360 36 1
360 1356 1
360 1357 1
360 1358 1
360 1359 1
360 1360 1
361 104 1
361 1361 1
361 1362 1
361 1363 1
361 1364 1
362 19 1
362 106 1
362 215 1
362 1007 1
362 1074 1
362 1365 1
362 1366 1
363 51 1
363 273 1
363 564 1
363 772 1
363 1367 1
363 1368 1
364 22 1
364 52 1
364 55 1
364 134 1
364 772 1
364 1369 1
364 1370 1
364 1371 1
365 22 1
365 309 1
365 1324 1
365 1334 1
365 1368 1
365 1372 1
365 1373 1
366 8 1
366 45 1
366 463 1
366 1374 1
366 1375 1
366 1376 1
366 1377 1
366 1378 1
366 1379 1
366 1380 1
366 1381 1
367 44 1
367 45 1
367 52 1
367 80 1
367 181 1
367 214 1
367 1368 1
367 1382 1
367 1383 1
367 1384 1
367 1385 1
368 174 1
368 304 1
368 340 1
368 551 1
368 1386 1
368 1387 1
368 1388 1
369 8 1
369 146 1
369 293 1
369 730 1
369 1389 1
369 1390 1
369 1391 1
369 1392 1
370 51 1
370 162 1
370 164 1
370 168 1
370 174 1
370 1393 1
370 1394 1
370 1395 1
371 55 1
371 79 1
371 118 1
371 218 1
371 657 1
371 1032 1
371 1084 1
371 1396 1
372 13 1
372 36 1
372 78 1
372 188 1
372 617 1
372 1397 1
372 1398 1
372 1399 1
372 1400 1
372 1401 1
373 45 1
373 490 1
373 493 1
373 1101 1
373 1217 1
373 1402 1
373 1403 1
374 36 1
374 80 1
374 1404 1
374 1405 1
374 1406 1
374 1407 1
374 1408 1
375 1409 1
375 1410 1
375 1411 1
375 1412 1
375 1413 1
376 8 1
376 419 1
376 422 1
376 423 1
376 1414 1
377 341 1
377 363 1
377 452 1
377 1415 1
377 1416 1
377 1417 1
377 1418 1
378 188 1
378 719 1
378 942 1
378 1419 1
379 47 1
379 262 1
379 1420 1
379 1421 1
379 1422 1
379 1423 1
379 1424 1
379 1425 1
379 1426 1
380 674 1
380 1427 1
380 1428 1
380 1429 1
380 1430 1
381 136 1
381 150 1
381 151 1
381 152 1
381 1431 1
382 45 1
382 47 1
382 59 1
382 913 1
382 1432 1
382 1433 1
382 1434 1
382 1435 1
382 1436 1
383 55 1
383 1437 1
383 1438 1
383 1439 1
383 1440 1
383 1441 1
384 45 1
384 55 1
384 188 1
384 1442 1
384 1443 1
384 1444 1
384 1445 1
385 51 1
385 182 1
385 309 1
385 360 1
385 761 1
385 1446 1
385 1447 1
385 1448 1
386 55 1
386 229 1
386 1193 1
386 1449 1
386 1450 1
386 1451 1
387 735 1
387 1452 1
387 1453 1
387 1454 1
387 1455 1
388 55 1
388 1456 1
388 1457 1
388 1458 1
389 403 1
389 1459 1
389 1460 1
389 1461 1
390 3 1
390 55 1
390 188 1
390 275 1
390 1462 1
390 1463 1
390 1464 1
390 1465 1
390 1466 1
390 1467 1
390 1468 1
391 36 1
391 262 1
391 1038 1
391 1469 1
391 1470 1
391 1471 1
392 986 1
392 1330 1
392 1472 1
392 1473 1
392 1474 1
392 1475 1
393 45 1
393 933 1
393 1476 1
393 1477 1
393 1478 1
393 1479 1
393 1480 1
394 19 1
394 341 1
394 1200 1
394 1481 1
394 1482 1
394 1483 1
395 51 1
395 155 1
395 188 1
395 777 1
395 950 1
395 1484 1
396 51 1
396 83 1
396 103 1
396 338 1
396 1485 1
396 1486 1
397 8 1
397 716 1
397 1066 1
397 1487 1
397 1488 1
398 27 1
398 56 1
398 326 1
398 1489 1
398 1490 1
398 1491 1
399 188 1
399 755 1
399 1344 1
399 1492 1
399 1493 1
399 1494 1
399 1495 1
399 1496 1
399 1497 1
400 27 1
400 954 1
400 986 1
400 1498 1
400 1499 1
400 1500 1
400 1501 1
400 1502 1
401 45 1
401 1503 1
401 1504 1
401 1505 1
401 1506 1
401 1507 1
402 51 1
402 403 1
402 1508 1
402 1509 1
402 1510 1
402 1511 1
402 1512 1
403 55 1
403 185 1
403 335 1
403 880 1
403 1513 1
403 1514 1
403 1515 1
403 1516 1
404 8 1
404 1335 1
404 1517 1
404 1518 1
404 1519 1
405 3 1
405 293 1
405 504 1
405 1520 1
405 1521 1
405 1522 1
406 2 1
406 129 1
406 1523 1
406 1524 1
406 1525 1
406 1526 1
407 51 1
407 120 1
407 228 1
407 548 1
407 1140 1
407 1527 1
407 1528 1
408 51 1
408 304 1
408 434 1
408 682 1
408 942 1
408 1529 1
409 185 1
409 268 1
409 1211 1
409 1530 1
410 51 1
410 356 1
410 839 1
410 1136 1
410 1531 1
410 1532 1
411 44 1
411 88 1
411 396 1
411 1533 1
411 1534 1
411 1535 1
411 1536 1
412 51 1
412 52 1
412 548 1
412 724 1
412 958 1
412 1537 1
413 188 1
413 301 1
413 721 1
413 1097 1
413 1538 1
413 1539 1
414 174 1
414 512 1
414 1540 1
414 1541 1
414 1542 1
414 1543 1
415 27 1
415 57 1
415 174 1
415 1544 1
415 1545 1
415 1546 1
415 1547 1
416 76 1
416 397 1
416 900 1
416 1548 1
416 1549 1
416 1550 1
416 1551 1
417 174 1
417 188 1
417 986 1
417 1450 1
417 1552 1
417 1553 1
418 51 1
418 310 1
418 672 1
418 823 1
418 1554 1
418 1555 1
419 174 1
419 325 1
419 545 1
419 1556 1
419 1557 1
419 1558 1
420 1131 1
420 1559 1
420 1560 1
420 1561 1
420 1562 1
420 1563 1
421 45 1
421 55 1
421 228 1
421 813 1
421 911 1
421 1564 1
421 1565 1
421 1566 1
422 13 1
422 674 1
422 1567 1
422 1568 1
422 1569 1
422 1570 1
423 3 1
423 332 1
423 1571 1
423 1572 1
423 1573 1
424 55 1
424 79 1
424 81 1
424 174 1
424 320 1
424 1527 1
424 1574 1
424 1575 1
424 1576 1
425 1577 1
425 1578 1
425 1579 1
426 3 1
426 51 1
426 458 1
426 1580 1
426 1581 1
426 1582 1
426 1583 1
427 36 1
427 155 1
427 900 1
427 1039 1
427 1478 1
427 1584 1
427 1585 1
428 1586 1
428 1587 1
428 1588 1
428 1589 1
428 1590 1
429 678 1
429 1513 1
429 1591 1
429 1592 1
429 1593 1
429 1594 1
430 45 1
430 51 1
430 548 1
430 630 1
430 1134 1
430 1595 1
431 1111 1
431 1139 1
431 1596 1
431 1597 1
432 188 1
432 1396 1
432 1481 1
432 1598 1
432 1599 1
433 92 1
433 383 1
433 1006 1
433 1600 1
434 8 1
434 1601 1
434 1602 1
434 1603 1
435 36 1
435 79 1
435 649 1
435 1391 1
435 1604 1
435 1605 1
435 1606 1
436 36 1
436 45 1
436 633 1
436 1391 1
436 1607 1
436 1608 1
437 209 1
437 551 1
437 552 1
437 618 1
437 1101 1
437 1406 1
437 1609 1
437 1610 1
438 174 1
438 1396 1
438 1611 1
438 1612 1
438 1613 1
438 1614 1
438 1615 1
438 1616 1
439 47 1
439 689 1
439 1074 1
439 1147 1
439 1617 1
439 1618 1
439 1619 1
440 45 1
440 306 1
440 438 1
440 1101 1
440 1620 1
441 3 1
441 587 1
441 1621 1
441 1622 1
441 1623 1
442 8 1
442 78 1
442 1624 1
442 1625 1
442 1626 1
442 1627 1
443 8 1
443 27 1
443 274 1
443 1049 1
443 1628 1
443 1629 1
443 1630 1
444 1131 1
444 1203 1
444 1559 1
444 1560 1
444 1631 1
444 1632 1
444 1633 1
445 51 1
445 57 1
445 799 1
445 1508 1
445 1544 1
445 1634 1
446 8 1
446 140 1
446 309 1
446 584 1
446 956 1
446 1635 1
446 1636 1
446 1637 1
447 314 1
447 1638 1
447 1639 1
447 1640 1
447 1641 1
448 8 1
448 27 1
448 236 1
448 1032 1
448 1642 1
448 1643 1
448 1644 1
449 8 1
449 51 1
449 548 1
449 630 1
449 1421 1
449 1595 1
449 1645 1
450 3 1
450 626 1
450 1089 1
450 1646 1
450 1647 1
450 1648 1
451 61 1
451 104 1
451 214 1
451 1649 1
451 1650 1
452 1651 1
452 1652 1
452 1653 1
453 1654 1
453 1655 1
453 1656 1
453 1657 1
454 414 1
454 586 1
454 1405 1
454 1406 1
454 1658 1
455 45 1
455 120 1
455 1593 1
455 1659 1
455 1660 1
455 1661 1
455 1662 1
456 3 1
456 76 1
456 996 1
456 1321 1
456 1663 1
456 1664 1
456 1665 1
456 1666 1
457 47 1
457 932 1
457 933 1
457 1667 1
457 1668 1
457 1669 1
458 55 1
458 251 1
458 1294 1
458 1670 1
459 51 1
459 334 1
459 1671 1
459 1672 1
460 174 1
460 557 1
460 672 1
460 1673 1
460 1674 1
460 1675 1
460 1676 1
461 195 1
461 381 1
461 478 1
461 1677 1
461 1678 1
462 55 1
462 1109 1
462 1675 1
462 1679 1
462 1680 1
462 1681 1
463 188 1
463 1344 1
463 1496 1
463 1497 1
464 787 1
464 1682 1
464 1683 1
464 1684 1
465 172 1
465 362 1
465 760 1
465 789 1
465 1200 1
465 1685 1
465 1686 1
466 267 1
466 508 1
466 829 1
466 1366 1
466 1687 1
466 1688 1
467 174 1
467 819 1
467 1689 1
467 1690 1
468 36 1
468 353 1
468 1107 1
468 1436 1
468 1691 1
468 1692 1
468 1693 1
468 1694 1
469 51 1
469 309 1
469 1097 1
469 1337 1
469 1635 1
469 1695 1
469 1696 1
470 27 1
470 789 1
470 1697 1
470 1698 1
470 1699 1
471 8 1
471 94 1
471 1700 1
471 1701 1
471 1702 1
472 724 1
472 958 1
472 1703 1
472 1704 1
473 51 1
473 55 1
473 548 1
473 900 1
473 1705 1
473 1706 1
473 1707 1
473 1708 1
474 47 1
474 76 1
474 79 1
474 320 1
474 1709 1
474 1710 1
474 1711 1
475 174 1
475 188 1
475 1712 1
475 1713 1
475 1714 1
476 966 1
476 1715 1
476 1716 1
476 1717 1
476 1718 1
477 35 1
477 51 1
477 55 1
477 1439 1
477 1719 1
477 1720 1
477 1721 1
478 55 1
478 176 1
478 831 1
478 1722 1
479 45 1
479 1723 1
479 1724 1
479 1725 1
479 1726 1
479 1727 1
480 62 1
480 320 1
480 1728 1
481 91 1
481 918 1
481 1729 1
481 1730 1
481 1731 1
481 1732 1
481 1733 1
482 724 1
482 958 1
482 1703 1
482 1704 1
483 3 1
483 593 1
483 1572 1
484 131 1
484 972 1
484 1156 1
484 1722 1
485 8 1
485 28 1
485 94 1
485 681 1
485 1370 1
485 1410 1
485 1700 1
485 1734 1
486 51 1
486 65 1
486 1032 1
486 1574 1
486 1735 1
486 1736 1
486 1737 1
487 807 1
487 1738 1
487 1739 1
488 623 1
488 624 1
488 774 1
488 1022 1
488 1371 1
488 1740 1
488 1741 1
489 44 1
489 396 1
489 551 1
489 552 1
489 1742 1
490 51 1
490 55 1
490 118 1
490 1743 1
490 1744 1
490 1745 1
491 33 1
491 51 1
491 1704 1
491 1746 1
491 1747 1
491 1748 1
492 3 1
492 281 1
492 392 1
492 1411 1
492 1630 1
492 1721 1
492 1749 1
493 27 1
493 80 1
493 1050 1
493 1568 1
493 1688 1
493 1750 1
493 1751 1
494 166 1
494 176 1
494 249 1
494 361 1
494 1752 1
494 1753 1
494 1754 1
494 1755 1
495 258 1
495 1756 1
495 1757 1
495 1758 1
495 1759 1
495 1760 1
496 47 1
496 224 1
496 235 1
496 1292 1
496 1761 1
497 8 1
497 1466 1
497 1762 1
497 1763 1
497 1764 1
497 1765 1
498 52 1
498 309 1
498 794 1
498 918 1
498 1766 1
498 1767 1
498 1768 1
498 1769 1
498 1770 1
499 16 1
499 45 1
499 185 1
499 745 1
499 900 1
499 1513 1
499 1515 1
499 1771 1
499 1772 1
500 634 1
500 789 1
500 1773 1
500 1774 1
500 1775 1
501 44 1
501 51 1
501 176 1
501 1295 1
501 1478 1
501 1776 1
501 1777 1
502 78 1
502 130 1
502 290 1
502 468 1
502 962 1
502 1778 1
503 811 1
503 1541 1
503 1779 1
503 1780 1
504 36 1
504 55 1
504 320 1
504 656 1
504 841 1
504 1119 1
504 1781 1
505 237 1
505 397 1
505 1483 1
505 1601 1
505 1782 1
506 3 1
506 47 1
506 51 1
506 548 1
506 641 1
506 1403 1
506 1783 1
507 8 1
507 36 1
507 61 1
507 630 1
507 645 1
507 1784 1
507 1785 1
507 1786 1
508 36 1
508 140 1
508 174 1
508 188 1
508 256 1
508 320 1
508 416 1
508 1614 1
509 36 1
509 91 1
509 388 1
509 1787 1
509 1788 1
509 1789 1
509 1790 1
510 691 1
510 1791 1
510 1792 1
510 1793 1
510 1794 1
511 6 1
511 68 1
511 1363 1
511 1795 1
511 1796 1
511 1797 1
512 209 1
512 513 1
512 1026 1
512 1032 1
512 1798 1
512 1799 1
512 1800 1
512 1801 1
513 51 1
513 1111 1
513 1802 1
513 1803 1
514 65 1
514 962 1
514 1804 1
514 1805 1
514 1806 1
514 1807 1
515 36 1
515 871 1
515 1808 1
515 1809 1
515 1810 1
515 1811 1
516 394 1
516 1812 1
516 1813 1
516 1814 1
517 689 1
517 912 1
517 1268 1
517 1815 1
517 1816 1
517 1817 1
517 1818 1
518 66 1
518 104 1
518 106 1
518 174 1
518 214 1
518 1264 1
518 1819 1
518 1820 1
518 1821 1
519 45 1
519 47 1
519 1209 1
519 1822 1
519 1823 1
519 1824 1
520 27 1
520 45 1
520 249 1
520 1370 1
520 1751 1
520 1825 1
520 1826 1
521 174 1
521 185 1
521 1534 1
521 1674 1
521 1675 1
521 1827 1
522 52 1
522 131 1
522 873 1
522 1828 1
522 1829 1
522 1830 1
523 76 1
523 174 1
523 188 1
523 1050 1
523 1500 1
523 1831 1
524 1485 1
524 1832 1
524 1833 1
524 1834 1
524 1835 1
525 8 1
525 28 1
525 44 1
525 104 1
525 309 1
525 1370 1
525 1649 1
526 51 1
526 149 1
526 778 1
526 901 1
526 1550 1
526 1836 1
526 1837 1
527 51 1
527 355 1
527 1117 1
527 1689 1
527 1838 1
528 1103 1
528 1167 1
528 1578 1
528 1839 1
529 78 1
529 236 1
529 871 1
529 1120 1
529 1644 1
530 327 1
530 1840 1
530 1841 1
530 1842 1
531 51 1
531 396 1
531 672 1
531 909 1
531 1843 1
531 1844 1
531 1845 1
531 1846 1
532 653 1
532 986 1
532 1450 1
533 55 1
533 130 1
533 304 1
533 547 1
533 1847 1
533 1848 1
533 1849 1
534 36 1
534 104 1
534 106 1
534 188 1
534 912 1
534 1650 1
534 1700 1
534 1850 1
535 218 1
535 446 1
535 719 1
535 1851 1
535 1852 1
535 1853 1
535 1854 1
536 51 1
536 174 1
536 211 1
536 458 1
536 1399 1
536 1580 1
536 1583 1
536 1855 1
536 1856 1
537 27 1
537 1158 1
537 1699 1
537 1857 1
537 1858 1
538 36 1
538 79 1
538 1170 1
538 1722 1
538 1859 1
538 1860 1
539 3 1
539 1220 1
539 1861 1
539 1862 1
539 1863 1
540 8 1
540 28 1
540 476 1
540 1864 1
540 1865 1
540 1866 1
541 185 1
541 674 1
541 1867 1
541 1868 1
541 1869 1
541 1870 1
541 1871 1
542 91 1
542 784 1
542 1872 1
542 1873 1
543 45 1
543 188 1
543 672 1
543 1846 1
543 1874 1
543 1875 1
543 1876 1
543 1877 1
544 13 1
544 55 1
544 1701 1
544 1785 1
544 1878 1
544 1879 1
544 1880 1
545 3 1
545 45 1
545 51 1
545 68 1
545 188 1
545 300 1
545 1881 1
545 1882 1
546 799 1
546 1463 1
546 1883 1
546 1884 1
546 1885 1
547 52 1
547 361 1
547 1708 1
547 1886 1
547 1887 1
548 209 1
548 1568 1
548 1647 1
548 1857 1
548 1888 1
549 27 1
549 174 1
549 858 1
549 1669 1
549 1889 1
550 8 1
550 762 1
550 1648 1
550 1890 1
550 1891 1
551 5 1
551 55 1
551 639 1
551 1103 1
551 1892 1
552 495 1
552 537 1
552 671 1
552 1107 1
552 1575 1
552 1893 1
553 1112 1
553 1894 1
553 1895 1
553 1896 1
553 1897 1
554 51 1
554 777 1
554 1898 1
554 1899 1
554 1900 1
555 3 1
555 218 1
555 626 1
555 1089 1
555 1647 1
555 1648 1
555 1901 1
555 1902 1
556 55 1
556 663 1
556 1644 1
556 1903 1
556 1904 1
556 1905 1
556 1906 1
557 27 1
557 515 1
557 850 1
557 1500 1
557 1501 1
557 1907 1
557 1908 1
557 1909 1
557 1910 1
558 942 1
558 1522 1
558 1911 1
558 1912 1
558 1913 1
559 46 1
559 762 1
559 1319 1
559 1914 1
560 24 1
560 45 1
560 463 1
560 516 1
560 1149 1
560 1915 1
560 1916 1
561 198 1
561 301 1
561 1247 1
561 1917 1
561 1918 1
561 1919 1
562 55 1
562 57 1
562 1533 1
562 1544 1
562 1566 1
562 1920 1
562 1921 1
563 198 1
563 1247 1
563 1248 1
563 1922 1
563 1923 1
563 1924 1
564 45 1
564 108 1
564 1194 1
564 1370 1
564 1829 1
565 8 1
565 45 1
565 526 1
565 1925 1
565 1926 1
565 1927 1
565 1928 1
566 551 1
566 552 1
566 1101 1
566 1610 1
566 1929 1
566 1930 1
567 829 1
567 1931 1
567 1932 1
567 1933 1
567 1934 1
568 1935 1
568 1936 1
568 1937 1
568 1938 1
569 51 1
569 54 1
569 57 1
569 161 1
569 1533 1
569 1544 1
569 1939 1
570 55 1
570 627 1
570 1940 1
570 1941 1
570 1942 1
571 8 1
571 469 1
571 1558 1
571 1943 1
571 1944 1
571 1945 1
572 55 1
572 68 1
572 724 1
572 958 1
572 1946 1
572 1947 1
573 399 1
573 528 1
573 671 1
573 1948 1
573 1949 1
574 414 1
574 670 1
574 976 1
574 1950 1
574 1951 1
575 784 1
575 1872 1
575 1952 1
575 1953 1
576 27 1
576 55 1
576 1954 1
576 1955 1
576 1956 1
576 1957 1
577 45 1
577 52 1
577 618 1
577 619 1
577 1097 1
577 1106 1
578 45 1
578 304 1
578 324 1
578 1867 1
578 1958 1
578 1959 1
578 1960 1
579 721 1
579 1755 1
579 1961 1
579 1962 1
579 1963 1
579 1964 1
580 853 1
580 1273 1
580 1802 1
580 1965 1
581 1345 1
581 1621 1
581 1858 1
581 1966 1
582 8 1
582 13 1
582 28 1
582 66 1
582 104 1
582 214 1
582 1370 1
582 1649 1
583 218 1
583 987 1
583 1394 1
583 1967 1
583 1968 1
584 55 1
584 393 1
584 459 1
584 1969 1
584 1970 1
584 1971 1
585 305 1
585 1631 1
585 1743 1
585 1935 1
586 51 1
586 205 1
586 214 1
586 216 1
586 1003 1
586 1972 1
586 1973 1
587 130 1
587 209 1
587 242 1
587 719 1
587 1525 1
587 1675 1
587 1974 1
588 182 1
588 628 1
588 774 1
588 1975 1
588 1976 1
588 1977 1
588 1978 1
589 45 1
589 1257 1
589 1258 1
589 1262 1
589 1297 1
589 1979 1
590 51 1
590 462 1
590 548 1
590 587 1
590 1146 1
590 1980 1
590 1981 1
591 45 1
591 52 1
591 80 1
591 486 1
591 1146 1
591 1766 1
591 1982 1
591 1983 1
592 48 1
592 55 1
592 251 1
592 817 1
592 1008 1
592 1119 1
592 1781 1
593 209 1
593 674 1
593 1984 1
593 1985 1
593 1986 1
594 8 1
594 321 1
594 774 1
594 892 1
594 1722 1
594 1987 1
595 45 1
595 124 1
595 1988 1
595 1989 1
595 1990 1
596 94 1
596 617 1
596 853 1
596 1589 1
596 1685 1
596 1991 1
596 1992 1
596 1993 1
596 1994 1
596 1995 1
596 1996 1
596 1997 1
597 36 1
597 61 1
597 104 1
597 188 1
597 214 1
597 1650 1
597 1700 1
597 1850 1
598 429 1
598 826 1
598 993 1
598 1798 1
598 1998 1
598 1999 1
598 2000 1
598 2001 1
599 36 1
599 174 1
599 470 1
599 1700 1
599 1750 1
599 2002 1
599 2003 1
599 2004 1
599 2005 1
600 51 1
600 660 1
600 754 1
600 1905 1
600 2006 1
600 2007 1
600 2008 1
601 166 1
601 2009 1
601 2010 1
601 2011 1
601 2012 1
602 48 1
602 368 1
602 469 1
602 1943 1
602 2013 1
603 1024 1
603 1677 1
603 2014 1
603 2015 1
603 2016 1
604 51 1
604 55 1
604 119 1
604 320 1
604 548 1
604 641 1
604 976 1
604 2017 1
604 2018 1
605 45 1
605 111 1
605 275 1
605 321 1
605 705 1
605 1082 1
605 1387 1
605 1703 1
606 52 1
606 79 1
606 966 1
606 1415 1
606 1777 1
607 45 1
607 52 1
607 759 1
607 1164 1
607 2019 1
607 2020 1
607 2021 1
608 129 1
608 2022 1
608 2023 1
608 2024 1
608 2025 1
609 552 1
609 732 1
609 813 1
609 1119 1
609 1241 1
610 55 1
610 134 1
610 899 1
610 2026 1
610 2027 1
610 2028 1
610 2029 1
611 13 1
611 918 1
611 1370 1
611 2030 1
611 2031 1
611 2032 1
611 2033 1
612 55 1
612 355 1
612 825 1
612 897 1
612 2034 1
612 2035 1
613 19 1
613 51 1
613 79 1
613 548 1
613 2036 1
613 2037 1
614 24 1
614 105 1
614 185 1
614 1722 1
614 2038 1
614 2039 1
615 8 1
615 52 1
615 55 1
615 188 1
615 2021 1
615 2040 1
615 2041 1
615 2042 1
615 2043 1
616 104 1
616 106 1
616 309 1
616 912 1
616 1264 1
616 2044 1
617 8 1
617 55 1
617 289 1
617 577 1
617 2045 1
617 2046 1
617 2047 1
617 2048 1
618 55 1
618 79 1
618 1699 1
618 2049 1
618 2050 1
619 5 1
619 146 1
619 786 1
619 1731 1
619 1952 1
619 2051 1
620 16 1
620 55 1
620 1344 1
620 1412 1
620 2052 1
620 2053 1
620 2054 1
621 36 1
621 724 1
621 1117 1
621 1466 1
621 2055 1
621 2056 1
622 80 1
622 659 1
622 2057 1
622 2058 1
622 2059 1
623 3 1
623 1396 1
623 1666 1
623 2060 1
623 2061 1
623 2062 1
624 228 1
624 492 1
624 759 1
624 897 1
624 2063 1
624 2064 1
624 2065 1
625 51 1
625 702 1
625 829 1
625 1934 1
625 2066 1
625 2067 1
625 2068 1
626 45 1
626 55 1
626 991 1
626 1022 1
626 1267 1
626 2069 1
626 2070 1
626 2071 1
627 8 1
627 36 1
627 51 1
627 548 1
627 593 1
627 670 1
627 730 1
627 976 1
627 1039 1
627 1366 1
628 91 1
628 784 1
628 1872 1
628 1873 1
628 2072 1
629 8 1
629 321 1
629 1661 1
629 2073 1
630 13 1
630 45 1
630 104 1
630 1261 1
630 1324 1
630 1750 1
630 2074 1
631 88 1
631 195 1
631 708 1
631 709 1
631 1076 1
632 290 1
632 431 1
632 900 1
632 1737 1
632 2075 1
633 2076 1
633 2077 1
633 2078 1
633 2079 1
633 2080 1
634 55 1
634 226 1
634 233 1
634 2081 1
634 2082 1
634 2083 1
634 2084 1
635 8 1
635 293 1
635 2085 1
635 2086 1
635 2087 1
636 262 1
636 286 1
636 724 1
636 958 1
636 2088 1
637 427 1
637 2083 1
637 2089 1
637 2090 1
637 2091 1
637 2092 1
638 397 1
638 1273 1
638 1357 1
638 1700 1
638 2093 1
639 220 1
639 2094 1
639 2095 1
639 2096 1
640 51 1
640 91 1
640 548 1
640 784 1
640 1872 1
640 1873 1
641 36 1
641 85 1
641 134 1
641 1278 1
641 2097 1
641 2098 1
642 174 1
642 377 1
642 1198 1
642 1908 1
642 2099 1
642 2100 1
642 2101 1
643 8 1
643 45 1
643 51 1
643 118 1
643 452 1
643 1032 1
643 1194 1
643 1755 1
643 2102 1
643 2103 1
644 79 1
644 130 1
644 174 1
644 509 1
644 2104 1
644 2105 1
645 36 1
645 188 1
645 1922 1
645 1923 1
645 2091 1
645 2106 1
645 2107 1
645 2108 1
646 2109 1
646 2110 1
646 2111 1
647 1003 1
647 1241 1
647 2112 1
647 2113 1
647 2114 1
648 54 1
648 146 1
648 396 1
648 812 1
648 2080 1
648 2090 1
648 2115 1
649 51 1
649 55 1
649 57 1
649 405 1
649 1508 1
649 1533 1
649 1544 1
649 2116 1
649 2117 1
650 8 1
650 660 1
650 2118 1
650 2119 1
650 2120 1
651 414 1
651 1574 1
651 2121 1
651 2122 1
652 27 1
652 104 1
652 188 1
652 309 1
652 1117 1
652 1267 1
652 1269 1
652 1751 1
652 2123 1
653 55 1
653 1858 1
653 1935 1
653 2124 1
653 2125 1
654 45 1
654 705 1
654 1280 1
654 1882 1
654 2061 1
655 19 1
655 176 1
655 802 1
655 2126 1
655 2127 1
655 2128 1
656 45 1
656 55 1
656 262 1
656 290 1
656 309 1
656 762 1
656 2129 1
656 2130 1
657 52 1
657 55 1
657 209 1
657 321 1
657 897 1
657 2131 1
657 2132 1
657 2133 1
658 76 1
658 672 1
658 755 1
658 941 1
658 1069 1
658 1200 1
658 2134 1
659 94 1
659 817 1
659 1575 1
659 2135 1
659 2136 1
660 2 1
660 5 1
660 784 1
660 786 1
660 2137 1
660 2138 1
660 2139 1
661 225 1
661 774 1
661 2090 1
661 2094 1
661 2140 1
662 759 1
662 1293 1
662 1785 1
662 2141 1
662 2142 1
663 76 1
663 188 1
663 433 1
663 2143 1
663 2144 1
664 76 1
664 551 1
664 552 1
664 1411 1
664 2145 1
664 2146 1
665 27 1
665 51 1
665 55 1
665 209 1
665 948 1
665 2147 1
665 2148 1
665 2149 1
665 2150 1
665 2151 1
666 22 1
666 47 1
666 1200 1
666 1370 1
666 2152 1
667 88 1
667 174 1
667 290 1
667 2032 1
667 2153 1
667 2154 1
667 2155 1
667 2156 1
668 27 1
668 486 1
668 942 1
668 1629 1
668 2157 1
668 2158 1
669 21 1
669 76 1
669 156 1
669 2159 1
670 8 1
670 51 1
670 55 1
670 336 1
670 548 1
670 1363 1
670 2160 1
670 2161 1
670 2162 1
671 19 1
671 44 1
671 85 1
671 174 1
671 309 1
671 868 1
671 1533 1
671 2163 1
672 36 1
672 51 1
672 262 1
672 473 1
672 2164 1
672 2165 1
672 2166 1
673 2 1
673 55 1
673 246 1
673 880 1
673 2167 1
674 403 1
674 2168 1
674 2169 1
674 2170 1
674 2171 1
675 27 1
675 47 1
675 174 1
675 433 1
675 2172 1
675 2173 1
675 2174 1
675 2175 1
676 1131 1
676 1559 1
676 1560 1
676 1631 1
676 2176 1
677 136 1
677 677 1
677 826 1
677 1099 1
677 1219 1
677 1593 1
677 2177 1
677 2178 1
678 36 1
678 51 1
678 262 1
678 473 1
678 2165 1
678 2166 1
679 245 1
679 371 1
679 1255 1
679 2083 1
679 2179 1
680 91 1
680 218 1
680 508 1
680 1615 1
680 2180 1
680 2181 1
680 2182 1
681 716 1
681 2183 1
681 2184 1
681 2185 1
682 45 1
682 55 1
682 174 1
682 900 1
682 1674 1
682 1675 1
682 2186 1
683 392 1
683 397 1
683 1024 1
683 2187 1
683 2188 1
683 2189 1
684 256 1
684 353 1
684 464 1
684 1833 1
684 2190 1
685 45 1
685 140 1
685 421 1
685 1129 1
685 2191 1
685 2192 1
686 164 1
686 320 1
686 618 1
686 1656 1
686 1929 1
686 2193 1
687 27 1
687 55 1
687 455 1
687 534 1
687 880 1
687 2008 1
687 2105 1
687 2194 1
688 27 1
688 92 1
688 188 1
688 245 1
688 371 1
688 1041 1
688 1254 1
688 1412 1
689 19 1
689 853 1
689 1096 1
689 1399 1
689 2195 1
689 2196 1
689 2197 1
690 51 1
690 188 1
690 1074 1
690 2198 1
690 2199 1
690 2200 1
690 2201 1
691 55 1
691 262 1
691 724 1
691 958 1
691 1743 1
692 8 1
692 45 1
692 191 1
692 1231 1
692 2202 1
692 2203 1
692 2204 1
693 45 1
693 1327 1
693 2061 1
693 2205 1
693 2206 1
694 51 1
694 262 1
694 370 1
694 1075 1
694 2207 1
694 2208 1
694 2209 1
694 2210 1
695 55 1
695 1136 1
695 1137 1
695 2211 1
695 2212 1
696 177 1
696 256 1
696 841 1
696 2213 1
696 2214 1
697 36 1
697 45 1
697 51 1
697 548 1
697 1858 1
697 2215 1
697 2216 1
697 2217 1
698 13 1
698 65 1
698 174 1
698 188 1
698 473 1
698 918 1
698 975 1
698 1370 1
698 1481 1
698 2032 1
698 2218 1
698 2219 1
698 2220 1
698 2221 1
699 55 1
699 262 1
699 818 1
699 1470 1
699 2222 1
699 2223 1
699 2224 1
700 27 1
700 45 1
700 52 1
700 238 1
700 245 1
700 1337 1
700 1412 1
700 2083 1
700 2225 1
701 55 1
701 660 1
701 735 1
701 2226 1
701 2227 1
701 2228 1
701 2229 1
702 174 1
702 644 1
702 813 1
702 2230 1
702 2231 1
702 2232 1
702 2233 1
703 45 1
703 1327 1
703 1422 1
703 2234 1
703 2235 1
704 78 1
704 275 1
704 1699 1
704 2236 1
704 2237 1
704 2238 1
705 55 1
705 735 1
705 2239 1
705 2240 1
705 2241 1
705 2242 1
705 2243 1
706 17 1
706 55 1
706 304 1
706 547 1
706 1324 1
706 1849 1
706 2244 1
707 134 1
707 470 1
707 1827 1
707 2245 1
708 13 1
708 300 1
708 1546 1
708 2246 1
708 2247 1
708 2248 1
709 281 1
709 1278 1
709 2164 1
709 2249 1
709 2250 1
710 8 1
710 166 1
710 514 1
710 1049 1
710 1200 1
710 2251 1
710 2252 1
711 8 1
711 28 1
711 104 1
711 106 1
711 309 1
711 912 1
711 1051 1
711 1602 1
711 1700 1
711 2253 1
712 93 1
712 1851 1
712 2254 1
712 2255 1
712 2256 1
713 27 1
713 47 1
713 68 1
713 113 1
713 188 1
713 290 1
713 2257 1
714 242 1
714 418 1
714 1578 1
714 1675 1
714 2258 1
715 5 1
715 55 1
715 2259 1
715 2260 1
715 2261 1
715 2262 1
716 55 1
716 778 1
716 802 1
716 1069 1
716 1550 1
716 1836 1
716 2263 1
717 51 1
717 188 1
717 1033 1
717 2264 1
717 2265 1
717 2266 1
718 55 1
718 2267 1
718 2268 1
718 2269 1
718 2270 1
719 716 1
719 1488 1
719 1987 1
719 2271 1
719 2272 1
720 61 1
720 396 1
720 1157 1
720 1685 1
720 1736 1
720 2273 1
721 36 1
721 45 1
721 65 1
721 1858 1
721 2274 1
721 2275 1
721 2276 1
722 51 1
722 54 1
722 1374 1
722 1533 1
722 1939 1
722 2277 1
723 51 1
723 91 1
723 986 1
723 1546 1
723 1866 1
723 2278 1
723 2279 1
724 8 1
724 27 1
724 1310 1
724 2280 1
724 2281 1
724 2282 1
725 8 1
725 51 1
725 206 1
725 733 1
725 1675 1
725 1866 1
725 2283 1
726 214 1
726 617 1
726 1703 1
726 2284 1
726 2285 1
726 2286 1
727 55 1
727 174 1
727 431 1
727 913 1
727 1102 1
727 1798 1
727 2287 1
727 2288 1
727 2289 1
728 45 1
728 198 1
728 214 1
728 370 1
728 754 1
728 1913 1
728 2290 1
729 52 1
729 749 1
729 948 1
729 2147 1
729 2148 1
729 2150 1
730 80 1
730 214 1
730 787 1
730 1363 1
730 1958 1
730 2291 1
730 2292 1
730 2293 1
731 2294 1
731 2295 1
731 2296 1
731 2297 1
732 8 1
732 813 1
732 2298 1
732 2299 1
732 2300 1
732 2301 1
732 2302 1
733 55 1
733 1510 1
733 1865 1
733 2303 1
733 2304 1
733 2305 1
734 155 1
734 1036 1
734 2306 1
734 2307 1
735 51 1
735 304 1
735 370 1
735 548 1
735 1500 1
735 2308 1
735 2309 1
736 45 1
736 51 1
736 120 1
736 548 1
736 1120 1
736 1183 1
736 2310 1
737 5 1
737 174 1
737 1217 1
737 2311 1
737 2312 1
737 2313 1
737 2314 1
738 55 1
738 228 1
738 897 1
738 1183 1
738 2315 1
739 45 1
739 71 1
739 188 1
739 2316 1
739 2317 1
739 2318 1
739 2319 1
740 55 1
740 275 1
740 954 1
740 1675 1
740 2320 1
741 8 1
741 55 1
741 972 1
741 1638 1
741 1639 1
741 1927 1
742 735 1
742 1411 1
742 1413 1
742 1821 1
742 2321 1
743 36 1
743 60 1
743 85 1
743 146 1
743 2295 1
743 2322 1
743 2323 1
743 2324 1
744 76 1
744 214 1
744 1080 1
744 1129 1
744 2325 1
745 164 1
745 363 1
745 1067 1
745 2326 1
745 2327 1
745 2328 1
