6.85315e-017  3.52784e-018 8.38675e-022  1.21795e-026 6.2991e-022  3.03175e-027
5.06523e-017  3.9698e-018 2.60237e-020  3.96752e-021 1.95458e-020  9.87606e-022
3.95829e-017  2.98848e-018 7.73629e-023  1.07855e-022 5.81055e-023  2.68475e-023
5.62613e-017  4.44557e-018 4.74639e-021  4.18456e-022 3.56491e-021  1.04163e-022
7.51294e-017  3.58025e-018 1.54666e-020  1.59804e-024 1.16166e-020  3.97787e-025
1.38578e-017  3.03663e-018 3.07841e-023  1.75627e-021 2.31212e-023  4.37176e-022
2.30681e-017  2.42598e-018 8.97849e-021  1.10197e-024 6.74355e-021  2.74306e-025
3.96853e-018  1.51634e-018 4.62385e-022  2.59523e-022 3.47287e-022  6.46011e-023
1.31009e-017  3.47165e-018 1.3253e-020  7.38847e-021 9.95406e-021  1.83916e-021
9.39245e-017  4.2728e-018 2.09666e-021  1.81924e-021 1.57476e-021  4.52851e-022
5.0706e-017  3.20691e-018 7.31708e-020  2.56774e-023 5.49569e-020  6.39169e-024
4.31126e-017  4.23727e-018 4.36134e-020  9.0179e-021 3.2757e-020  2.24476e-021
2.89249e-017  3.41889e-018 3.01291e-021  3.26487e-020 2.26293e-021  8.12699e-021
3.55479e-018  1.12363e-018 1.75931e-022  6.23111e-026 1.32138e-022  1.55106e-026
6.15339e-017  3.65851e-018 7.5864e-021  3.36254e-022 5.69797e-021  8.37013e-023
2.07187e-017  2.26242e-018 5.59847e-022  3.93223e-025 4.20489e-022  9.78821e-026
6.45348e-017  4.00782e-018 8.53544e-021  1.27242e-020 6.41078e-021  3.16735e-021
8.30439e-017  3.84637e-018 6.09019e-021  2.81327e-026 4.5742e-021  7.00286e-027
6.71777e-017  3.61194e-018 5.25296e-023  2.38713e-025 3.94538e-023  5.9421e-026
7.10815e-017  3.57444e-018 3.30195e-020  7.39048e-020 2.48002e-020  1.83966e-020
1.10017e-020  5.45805e-019 2.07004e-024  6.3028e-022 1.55476e-024  1.56891e-022
2.15623e-017  2.02592e-018 3.20037e-020  7.26548e-024 2.40372e-020  1.80854e-024
