246
909
1880
1 0 1
1 1 1
1 2 1
1 3 1
1 4 1
1 5 1
1 6 1
2 7 1
2 8 1
2 9 1
2 10 1
2 11 1
3 6 1
3 7 1
3 12 1
3 13 1
3 14 1
3 15 1
3 16 1
4 14 1
4 17 1
4 18 1
4 19 1
5 20 1
5 21 1
5 22 1
5 23 1
5 24 1
5 25 1
5 26 1
6 7 1
6 27 1
6 28 1
6 29 1
6 30 1
6 31 1
6 32 1
7 7 1
7 15 1
7 33 1
7 34 1
7 35 1
8 20 1
8 36 1
8 37 1
8 38 1
8 39 1
8 40 1
8 41 1
9 7 1
9 42 1
9 43 1
9 44 1
10 7 1
10 42 1
10 45 1
10 46 1
10 47 1
10 48 1
10 49 1
10 50 1
10 51 1
10 52 1
11 4 1
11 7 1
11 42 1
11 53 1
11 54 1
11 55 1
11 56 1
11 57 1
11 58 1
11 59 1
12 0 1
12 48 1
12 54 1
12 60 1
12 61 1
12 62 1
12 63 1
12 64 1
12 65 1
12 66 1
12 67 1
13 7 1
13 31 1
13 58 1
13 68 1
13 69 1
13 70 1
13 71 1
14 7 1
14 31 1
14 72 1
14 73 1
14 74 1
14 75 1
15 0 1
15 76 1
15 77 1
15 78 1
15 79 1
15 80 1
15 81 1
15 82 1
15 83 1
15 84 1
15 85 1
16 0 1
16 31 1
16 47 1
16 48 1
16 86 1
16 87 1
17 10 1
17 20 1
17 31 1
17 53 1
17 54 1
17 55 1
17 88 1
17 89 1
17 90 1
17 91 1
17 92 1
17 93 1
17 94 1
18 0 1
18 31 1
18 54 1
18 58 1
18 95 1
18 96 1
18 97 1
18 98 1
18 99 1
19 7 1
19 30 1
19 76 1
19 100 1
19 101 1
19 102 1
19 103 1
20 7 1
20 54 1
20 67 1
20 104 1
20 105 1
20 106 1
20 107 1
20 108 1
20 109 1
21 7 1
21 79 1
21 110 1
21 111 1
21 112 1
21 113 1
21 114 1
21 115 1
21 116 1
22 14 1
22 16 1
22 58 1
22 117 1
22 118 1
22 119 1
22 120 1
23 58 1
23 82 1
23 121 1
23 122 1
23 123 1
23 124 1
23 125 1
23 126 1
23 127 1
23 128 1
24 20 1
24 48 1
24 129 1
24 130 1
24 131 1
24 132 1
24 133 1
25 134 1
25 135 1
25 136 1
25 137 1
25 138 1
26 7 1
26 51 1
26 139 1
26 140 1
26 141 1
26 142 1
26 143 1
26 144 1
26 145 1
27 0 1
27 48 1
27 146 1
27 147 1
27 148 1
27 149 1
27 150 1
27 151 1
27 152 1
27 153 1
28 3 1
28 7 1
28 154 1
28 155 1
28 156 1
28 157 1
29 20 1
29 158 1
29 159 1
29 160 1
29 161 1
29 162 1
29 163 1
30 14 1
30 58 1
30 120 1
30 164 1
30 165 1
30 166 1
31 20 1
31 48 1
31 167 1
31 168 1
31 169 1
31 170 1
31 171 1
31 172 1
31 173 1
32 7 1
32 10 1
32 174 1
32 175 1
32 176 1
32 177 1
33 7 1
33 58 1
33 178 1
33 179 1
33 180 1
33 181 1
33 182 1
33 183 1
33 184 1
34 20 1
34 38 1
34 153 1
34 185 1
34 186 1
34 187 1
34 188 1
34 189 1
34 190 1
34 191 1
35 7 1
35 179 1
35 192 1
35 193 1
35 194 1
35 195 1
35 196 1
36 20 1
36 38 1
36 39 1
36 40 1
36 142 1
36 153 1
36 197 1
36 198 1
37 58 1
37 78 1
37 82 1
37 84 1
37 85 1
37 134 1
37 199 1
38 0 1
38 4 1
38 139 1
38 200 1
38 201 1
38 202 1
38 203 1
38 204 1
39 14 1
39 48 1
39 82 1
39 141 1
39 205 1
39 206 1
39 207 1
39 208 1
39 209 1
40 14 1
40 210 1
40 211 1
40 212 1
40 213 1
40 214 1
41 14 1
41 179 1
41 215 1
41 216 1
41 217 1
41 218 1
41 219 1
42 0 1
42 39 1
42 179 1
42 192 1
42 220 1
42 221 1
42 222 1
42 223 1
42 224 1
43 0 1
43 4 1
43 225 1
43 226 1
43 227 1
43 228 1
43 229 1
44 0 1
44 18 1
44 58 1
44 82 1
44 84 1
44 124 1
44 230 1
45 0 1
45 22 1
45 69 1
45 216 1
45 231 1
45 232 1
45 233 1
46 0 1
46 48 1
46 234 1
46 235 1
46 236 1
46 237 1
47 7 1
47 96 1
47 238 1
47 239 1
47 240 1
47 241 1
48 14 1
48 48 1
48 235 1
48 242 1
48 243 1
48 244 1
48 245 1
48 246 1
49 7 1
49 30 1
49 58 1
49 247 1
49 248 1
49 249 1
49 250 1
50 39 1
50 123 1
50 134 1
50 251 1
50 252 1
50 253 1
51 48 1
51 55 1
51 121 1
51 137 1
51 138 1
51 141 1
51 254 1
51 255 1
51 256 1
52 20 1
52 58 1
52 192 1
52 257 1
52 258 1
52 259 1
52 260 1
52 261 1
53 7 1
53 39 1
53 59 1
53 177 1
53 179 1
53 192 1
53 262 1
53 263 1
53 264 1
53 265 1
54 7 1
54 73 1
54 81 1
54 128 1
54 141 1
54 248 1
54 266 1
55 0 1
55 18 1
55 58 1
55 179 1
55 267 1
55 268 1
55 269 1
55 270 1
56 7 1
56 271 1
56 272 1
56 273 1
56 274 1
56 275 1
57 7 1
57 10 1
57 271 1
57 276 1
57 277 1
57 278 1
57 279 1
58 20 1
58 58 1
58 192 1
58 257 1
58 258 1
58 259 1
58 260 1
58 261 1
59 0 1
59 48 1
59 234 1
59 235 1
59 236 1
59 237 1
60 0 1
60 58 1
60 84 1
60 251 1
60 252 1
60 280 1
60 281 1
60 282 1
61 0 1
61 151 1
61 226 1
61 236 1
61 283 1
61 284 1
61 285 1
61 286 1
62 14 1
62 19 1
62 58 1
62 79 1
62 82 1
62 287 1
62 288 1
62 289 1
62 290 1
63 20 1
63 58 1
63 192 1
63 271 1
63 291 1
63 292 1
63 293 1
64 0 1
64 100 1
64 218 1
64 219 1
64 294 1
64 295 1
64 296 1
64 297 1
64 298 1
64 299 1
65 7 1
65 180 1
65 300 1
65 301 1
65 302 1
65 303 1
65 304 1
66 20 1
66 21 1
66 25 1
66 58 1
66 305 1
66 306 1
66 307 1
66 308 1
66 309 1
67 14 1
67 129 1
67 130 1
67 310 1
67 311 1
67 312 1
68 0 1
68 142 1
68 143 1
68 144 1
68 256 1
68 313 1
68 314 1
69 20 1
69 54 1
69 168 1
69 315 1
69 316 1
69 317 1
69 318 1
69 319 1
70 7 1
70 10 1
70 114 1
70 160 1
70 320 1
70 321 1
70 322 1
71 0 1
71 10 1
71 246 1
71 305 1
71 319 1
71 323 1
71 324 1
71 325 1
71 326 1
72 0 1
72 10 1
72 142 1
72 303 1
72 327 1
72 328 1
72 329 1
72 330 1
72 331 1
73 0 1
73 10 1
73 24 1
73 54 1
73 86 1
73 143 1
73 144 1
73 332 1
73 333 1
73 334 1
74 7 1
74 79 1
74 211 1
74 263 1
74 335 1
74 336 1
74 337 1
74 338 1
74 339 1
75 7 1
75 179 1
75 192 1
75 266 1
75 340 1
75 341 1
75 342 1
75 343 1
76 58 1
76 120 1
76 121 1
76 344 1
76 345 1
76 346 1
76 347 1
76 348 1
76 349 1
77 0 1
77 6 1
77 313 1
77 350 1
77 351 1
78 7 1
78 30 1
78 38 1
78 55 1
78 58 1
78 69 1
78 352 1
78 353 1
79 20 1
79 48 1
79 354 1
79 355 1
79 356 1
79 357 1
80 121 1
80 179 1
80 217 1
80 287 1
80 358 1
80 359 1
80 360 1
81 14 1
81 15 1
81 246 1
81 361 1
81 362 1
81 363 1
82 0 1
82 212 1
82 287 1
82 364 1
82 365 1
82 366 1
83 7 1
83 47 1
83 48 1
83 51 1
83 58 1
83 87 1
83 367 1
83 368 1
83 369 1
83 370 1
84 7 1
84 263 1
84 371 1
84 372 1
84 373 1
84 374 1
85 20 1
85 54 1
85 375 1
85 376 1
85 377 1
85 378 1
85 379 1
85 380 1
86 14 1
86 73 1
86 83 1
86 84 1
86 106 1
86 179 1
86 243 1
86 271 1
86 381 1
86 382 1
86 383 1
86 384 1
87 0 1
87 58 1
87 143 1
87 144 1
87 313 1
87 385 1
88 7 1
88 180 1
88 300 1
88 301 1
88 302 1
88 386 1
89 7 1
89 379 1
89 387 1
89 388 1
89 389 1
90 0 1
90 79 1
90 390 1
90 391 1
90 392 1
91 7 1
91 48 1
91 58 1
91 128 1
91 380 1
91 393 1
91 394 1
91 395 1
92 0 1
92 10 1
92 217 1
92 396 1
92 397 1
92 398 1
93 7 1
93 10 1
93 155 1
93 156 1
93 399 1
93 400 1
93 401 1
94 0 1
94 10 1
94 402 1
94 403 1
94 404 1
94 405 1
94 406 1
95 14 1
95 39 1
95 41 1
95 407 1
95 408 1
95 409 1
96 134 1
96 151 1
96 179 1
96 365 1
96 371 1
96 410 1
96 411 1
96 412 1
97 7 1
97 21 1
97 25 1
97 58 1
97 305 1
97 306 1
97 307 1
97 308 1
97 309 1
98 84 1
98 134 1
98 145 1
98 413 1
98 414 1
98 415 1
99 14 1
99 186 1
99 396 1
99 398 1
99 416 1
99 417 1
100 117 1
100 119 1
100 121 1
100 345 1
101 58 1
101 117 1
101 119 1
101 120 1
101 121 1
102 7 1
102 418 1
102 419 1
102 420 1
102 421 1
102 422 1
102 423 1
103 7 1
103 15 1
103 44 1
103 192 1
103 424 1
103 425 1
103 426 1
104 20 1
104 38 1
104 39 1
104 40 1
104 76 1
104 142 1
104 171 1
104 427 1
105 7 1
105 51 1
105 139 1
105 140 1
105 141 1
105 142 1
105 143 1
105 144 1
105 145 1
106 7 1
106 54 1
106 67 1
106 104 1
106 105 1
106 106 1
106 107 1
106 108 1
106 109 1
107 7 1
107 179 1
107 192 1
107 193 1
107 194 1
107 195 1
107 196 1
108 134 1
108 428 1
108 429 1
109 10 1
109 20 1
109 116 1
109 430 1
109 431 1
109 432 1
110 0 1
110 96 1
110 179 1
110 240 1
110 433 1
110 434 1
110 435 1
111 48 1
111 134 1
111 137 1
111 364 1
111 436 1
111 437 1
111 438 1
112 14 1
112 439 1
112 440 1
112 441 1
112 442 1
113 14 1
113 48 1
113 141 1
113 254 1
113 443 1
113 444 1
113 445 1
113 446 1
114 0 1
114 39 1
114 82 1
114 447 1
114 448 1
114 449 1
115 7 1
115 71 1
115 192 1
115 450 1
115 451 1
115 452 1
115 453 1
115 454 1
115 455 1
115 456 1
116 7 1
116 79 1
116 457 1
116 458 1
117 7 1
117 10 1
117 459 1
117 460 1
117 461 1
118 121 1
118 198 1
118 462 1
118 463 1
118 464 1
118 465 1
118 466 1
118 467 1
118 468 1
119 7 1
119 79 1
119 110 1
119 111 1
119 112 1
119 113 1
119 114 1
119 115 1
119 116 1
120 20 1
120 38 1
120 153 1
120 185 1
120 186 1
120 187 1
120 188 1
120 189 1
120 190 1
120 191 1
121 14 1
121 29 1
121 40 1
121 190 1
121 373 1
121 469 1
122 4 1
122 7 1
122 128 1
122 155 1
122 243 1
122 470 1
122 471 1
123 134 1
123 472 1
123 473 1
123 474 1
123 475 1
124 121 1
124 476 1
124 477 1
124 478 1
124 479 1
124 480 1
124 481 1
125 14 1
125 15 1
125 482 1
125 483 1
125 484 1
125 485 1
125 486 1
125 487 1
126 7 1
126 50 1
126 58 1
126 177 1
126 488 1
126 489 1
126 490 1
127 7 1
127 36 1
127 48 1
127 183 1
127 491 1
127 492 1
128 134 1
128 179 1
128 181 1
128 192 1
128 206 1
128 363 1
128 402 1
128 493 1
128 494 1
128 495 1
129 7 1
129 10 1
129 236 1
129 237 1
129 496 1
129 497 1
129 498 1
129 499 1
130 7 1
130 48 1
130 301 1
130 334 1
130 354 1
130 500 1
130 501 1
130 502 1
131 0 1
131 54 1
131 130 1
131 132 1
131 133 1
131 503 1
131 504 1
131 505 1
131 506 1
131 507 1
131 508 1
132 14 1
132 252 1
132 346 1
132 509 1
132 510 1
133 15 1
133 30 1
133 55 1
133 134 1
133 380 1
133 511 1
133 512 1
133 513 1
133 514 1
133 515 1
134 54 1
134 134 1
134 455 1
134 516 1
134 517 1
134 518 1
134 519 1
134 520 1
135 58 1
135 97 1
135 123 1
135 134 1
135 270 1
135 521 1
135 522 1
135 523 1
136 0 1
136 54 1
136 82 1
136 83 1
136 516 1
136 524 1
136 525 1
136 526 1
136 527 1
137 7 1
137 39 1
137 476 1
137 528 1
137 529 1
137 530 1
137 531 1
137 532 1
137 533 1
138 48 1
138 83 1
138 134 1
138 305 1
138 534 1
138 535 1
138 536 1
138 537 1
138 538 1
138 539 1
139 14 1
139 18 1
139 58 1
139 108 1
139 195 1
139 270 1
139 540 1
139 541 1
140 39 1
140 54 1
140 108 1
140 134 1
140 192 1
140 218 1
140 265 1
140 516 1
140 542 1
140 543 1
141 4 1
141 57 1
141 69 1
141 95 1
141 121 1
141 179 1
141 216 1
141 290 1
141 544 1
141 545 1
141 546 1
142 7 1
142 10 1
142 47 1
142 190 1
142 305 1
142 547 1
142 548 1
142 549 1
142 550 1
142 551 1
142 552 1
143 0 1
143 58 1
143 79 1
143 257 1
143 370 1
143 553 1
143 554 1
143 555 1
143 556 1
143 557 1
143 558 1
144 14 1
144 30 1
144 79 1
144 179 1
144 559 1
144 560 1
144 561 1
145 7 1
145 29 1
145 58 1
145 79 1
145 137 1
145 278 1
145 416 1
145 562 1
146 134 1
146 563 1
146 564 1
146 565 1
146 566 1
146 567 1
147 6 1
147 20 1
147 58 1
147 69 1
147 300 1
147 568 1
147 569 1
147 570 1
147 571 1
148 7 1
148 58 1
148 220 1
148 397 1
148 572 1
148 573 1
148 574 1
148 575 1
148 576 1
148 577 1
149 8 1
149 10 1
149 20 1
149 39 1
149 54 1
149 195 1
149 315 1
149 578 1
149 579 1
149 580 1
149 581 1
149 582 1
150 14 1
150 54 1
150 217 1
150 333 1
150 516 1
150 519 1
150 583 1
150 584 1
150 585 1
151 0 1
151 10 1
151 58 1
151 404 1
151 586 1
151 587 1
151 588 1
151 589 1
151 590 1
152 0 1
152 39 1
152 58 1
152 187 1
152 305 1
152 370 1
152 591 1
152 592 1
152 593 1
152 594 1
152 595 1
153 0 1
153 15 1
153 30 1
153 55 1
153 380 1
153 511 1
153 512 1
153 513 1
153 514 1
153 515 1
154 14 1
154 48 1
154 165 1
154 179 1
154 523 1
154 596 1
154 597 1
154 598 1
154 599 1
155 14 1
155 15 1
155 39 1
155 516 1
155 554 1
155 600 1
155 601 1
155 602 1
155 603 1
155 604 1
156 0 1
156 48 1
156 81 1
156 179 1
156 240 1
156 523 1
156 605 1
156 606 1
156 607 1
156 608 1
156 609 1
157 20 1
157 82 1
157 216 1
157 555 1
157 610 1
157 611 1
157 612 1
157 613 1
157 614 1
158 0 1
158 30 1
158 81 1
158 179 1
158 615 1
158 616 1
158 617 1
158 618 1
159 7 1
159 48 1
159 54 1
159 82 1
159 179 1
159 459 1
159 516 1
159 596 1
159 619 1
159 620 1
159 621 1
160 14 1
160 39 1
160 58 1
160 108 1
160 151 1
160 546 1
160 622 1
160 623 1
160 624 1
160 625 1
161 14 1
161 122 1
161 179 1
161 216 1
161 442 1
161 608 1
161 626 1
161 627 1
162 14 1
162 15 1
162 48 1
162 58 1
162 84 1
162 192 1
162 207 1
162 218 1
162 289 1
162 628 1
162 629 1
162 630 1
162 631 1
162 632 1
162 633 1
163 14 1
163 15 1
163 48 1
163 58 1
163 83 1
163 235 1
163 523 1
163 619 1
163 634 1
163 635 1
163 636 1
163 637 1
164 22 1
164 121 1
164 190 1
164 220 1
164 638 1
164 639 1
164 640 1
165 7 1
165 10 1
165 38 1
165 179 1
165 195 1
165 641 1
165 642 1
165 643 1
165 644 1
165 645 1
166 0 1
166 54 1
166 64 1
166 69 1
166 216 1
166 220 1
166 646 1
166 647 1
166 648 1
167 0 1
167 39 1
167 48 1
167 543 1
167 624 1
167 649 1
167 650 1
167 651 1
167 652 1
168 4 1
168 7 1
168 653 1
168 654 1
168 655 1
168 656 1
168 657 1
169 7 1
169 58 1
169 79 1
169 658 1
169 659 1
169 660 1
169 661 1
169 662 1
170 7 1
170 48 1
170 54 1
170 58 1
170 663 1
170 664 1
170 665 1
170 666 1
170 667 1
170 668 1
170 669 1
170 670 1
170 671 1
171 0 1
171 58 1
171 83 1
171 226 1
171 459 1
171 558 1
171 592 1
171 672 1
172 0 1
172 195 1
172 673 1
172 674 1
173 7 1
173 50 1
173 433 1
173 505 1
173 675 1
173 676 1
173 677 1
173 678 1
174 7 1
174 50 1
174 678 1
174 679 1
174 680 1
174 681 1
174 682 1
175 14 1
175 58 1
175 132 1
175 133 1
175 683 1
175 684 1
175 685 1
176 10 1
176 14 1
176 55 1
176 82 1
176 442 1
176 686 1
176 687 1
176 688 1
176 689 1
177 0 1
177 10 1
177 690 1
177 691 1
177 692 1
177 693 1
177 694 1
178 7 1
178 39 1
178 54 1
178 695 1
178 696 1
178 697 1
178 698 1
178 699 1
179 20 1
179 58 1
179 228 1
179 700 1
179 701 1
179 702 1
179 703 1
179 704 1
180 0 1
180 151 1
180 226 1
180 705 1
180 706 1
180 707 1
180 708 1
180 709 1
181 39 1
181 121 1
181 710 1
181 711 1
181 712 1
181 713 1
181 714 1
182 0 1
182 151 1
182 587 1
182 715 1
182 716 1
182 717 1
182 718 1
183 7 1
183 48 1
183 711 1
183 719 1
183 720 1
183 721 1
183 722 1
183 723 1
183 724 1
184 20 1
184 54 1
184 179 1
184 725 1
184 726 1
184 727 1
184 728 1
184 729 1
184 730 1
185 20 1
185 48 1
185 485 1
185 731 1
185 732 1
185 733 1
185 734 1
185 735 1
186 39 1
186 121 1
186 216 1
186 736 1
186 737 1
186 738 1
186 739 1
187 0 1
187 465 1
187 740 1
187 741 1
187 742 1
188 20 1
188 54 1
188 305 1
188 646 1
188 743 1
188 744 1
188 745 1
189 7 1
189 613 1
189 746 1
189 747 1
189 748 1
189 749 1
190 0 1
190 141 1
190 226 1
190 750 1
190 751 1
190 752 1
191 20 1
191 54 1
191 710 1
191 753 1
191 754 1
191 755 1
191 756 1
192 14 1
192 58 1
192 562 1
192 757 1
192 758 1
192 759 1
193 0 1
193 48 1
193 705 1
193 760 1
193 761 1
193 762 1
193 763 1
194 14 1
194 764 1
194 765 1
194 766 1
195 7 1
195 767 1
195 768 1
195 769 1
195 770 1
195 771 1
195 772 1
195 773 1
196 39 1
196 54 1
196 121 1
196 711 1
196 774 1
196 775 1
196 776 1
197 0 1
197 58 1
197 198 1
197 250 1
197 558 1
197 672 1
197 777 1
198 0 1
198 761 1
198 778 1
198 779 1
198 780 1
199 0 1
199 22 1
199 58 1
199 181 1
199 781 1
199 782 1
200 20 1
200 29 1
200 777 1
200 783 1
200 784 1
200 785 1
201 0 1
201 48 1
201 633 1
201 786 1
201 787 1
201 788 1
201 789 1
201 790 1
202 0 1
202 54 1
202 280 1
202 516 1
202 637 1
202 791 1
202 792 1
202 793 1
203 30 1
203 47 1
203 48 1
203 134 1
203 187 1
203 794 1
203 795 1
203 796 1
203 797 1
204 7 1
204 53 1
204 93 1
204 477 1
204 798 1
205 4 1
205 14 1
205 18 1
205 523 1
205 799 1
205 800 1
205 801 1
206 0 1
206 10 1
206 22 1
206 463 1
206 468 1
206 802 1
206 803 1
206 804 1
207 134 1
207 358 1
207 692 1
207 704 1
207 710 1
207 756 1
207 805 1
207 806 1
208 0 1
208 48 1
208 554 1
208 765 1
208 766 1
208 807 1
208 808 1
209 0 1
209 141 1
209 226 1
209 750 1
209 751 1
209 752 1
209 809 1
209 810 1
210 58 1
210 69 1
210 121 1
210 358 1
210 467 1
210 811 1
210 812 1
211 95 1
211 134 1
211 297 1
211 368 1
211 598 1
211 813 1
211 814 1
212 20 1
212 54 1
212 83 1
212 216 1
212 305 1
212 646 1
212 815 1
212 816 1
212 817 1
213 0 1
213 39 1
213 54 1
213 106 1
213 433 1
213 714 1
213 718 1
213 818 1
213 819 1
214 20 1
214 48 1
214 746 1
214 747 1
214 749 1
214 820 1
214 821 1
215 20 1
215 302 1
215 303 1
215 822 1
215 823 1
215 824 1
215 825 1
216 7 1
216 71 1
216 826 1
216 827 1
216 828 1
216 829 1
216 830 1
217 7 1
217 54 1
217 55 1
217 187 1
217 767 1
217 831 1
217 832 1
217 833 1
217 834 1
218 7 1
218 55 1
218 505 1
218 679 1
218 681 1
218 835 1
219 10 1
219 20 1
219 22 1
219 316 1
219 692 1
219 782 1
219 836 1
219 837 1
220 20 1
220 54 1
220 139 1
220 672 1
220 838 1
220 839 1
220 840 1
221 29 1
221 54 1
221 134 1
221 777 1
221 784 1
221 785 1
221 841 1
221 842 1
221 843 1
222 0 1
222 39 1
222 63 1
222 83 1
222 287 1
222 800 1
222 844 1
222 845 1
222 846 1
222 847 1
223 0 1
223 30 1
223 47 1
223 48 1
223 187 1
223 795 1
223 796 1
223 797 1
223 848 1
224 0 1
224 3 1
224 228 1
224 849 1
224 850 1
224 851 1
224 852 1
224 853 1
224 854 1
225 14 1
225 141 1
225 179 1
225 190 1
225 745 1
225 763 1
225 786 1
225 790 1
225 855 1
225 856 1
225 857 1
226 7 1
226 163 1
226 190 1
226 192 1
226 858 1
226 859 1
226 860 1
226 861 1
227 7 1
227 53 1
227 58 1
227 93 1
227 477 1
227 798 1
227 862 1
228 0 1
228 54 1
228 58 1
228 774 1
228 775 1
228 863 1
228 864 1
228 865 1
229 7 1
229 830 1
229 866 1
229 867 1
230 7 1
230 10 1
230 178 1
230 868 1
230 869 1
230 870 1
230 871 1
231 7 1
231 135 1
231 306 1
231 872 1
231 873 1
231 874 1
232 4 1
232 7 1
232 767 1
232 768 1
232 845 1
232 875 1
232 876 1
233 121 1
233 877 1
233 878 1
233 879 1
233 880 1
234 7 1
234 71 1
234 161 1
234 867 1
234 881 1
234 882 1
234 883 1
235 58 1
235 134 1
235 547 1
235 884 1
235 885 1
235 886 1
236 134 1
236 887 1
236 888 1
236 889 1
236 890 1
237 7 1
237 10 1
237 740 1
237 891 1
237 892 1
237 893 1
238 7 1
238 54 1
238 114 1
238 681 1
238 690 1
238 894 1
238 895 1
238 896 1
239 0 1
239 18 1
239 124 1
239 897 1
239 898 1
239 899 1
240 0 1
240 18 1
240 58 1
240 82 1
240 799 1
240 800 1
240 812 1
241 20 1
241 227 1
241 806 1
241 900 1
241 901 1
241 902 1
242 0 1
242 18 1
242 715 1
242 761 1
242 903 1
243 7 1
243 71 1
243 830 1
243 904 1
243 905 1
243 906 1
244 7 1
244 53 1
244 93 1
244 175 1
244 907 1
245 14 1
245 84 1
245 135 1
245 280 1
245 380 1
245 442 1
245 637 1
245 792 1
